################################################################################
# Symmetry function scaling data.
################################################################################
# Col  Name     Description
################################################################################
# 1    e_index  Element index.
# 2    sf_index Symmetry function index.
# 3    sf_min   Symmetry function minimum.
# 4    sf_max   Symmetry function maximum.
# 5    sf_mean  Symmetry function mean.
# 6    sf_sigma Symmetry function sigma.
#########################################################################################################################
#        1          2                        3                        4                        5                        6
#  e_index   sf_index                   sf_min                   sf_max                  sf_mean                 sf_sigma
#########################################################################################################################
         1          1   1.0121626298755096E+01   2.0122785802018740E+01   1.3327205944690377E+01   2.3113787827347299E+00
         1          2   2.5014890858941508E+00   9.0683434740012991E+00   4.5178582953741797E+00   1.2161366343155806E+00
         1          3   2.0985167448778146E+00   8.2275716997495287E+00   2.8522490502846480E+00   1.2079411377065097E+00
         1          4   1.2221650004111102E-22   3.3964176606972363E-14   4.2802789587642255E-17   9.9878452239358543E-16
         1          5   2.2076251445221163E-42   4.5558889079514248E-28   3.9709556972105115E-31   1.3292034387207785E-29
         1          6   2.7584050175190661E+01   6.5888797442454745E+01   4.6038258775446685E+01   7.2424489985359761E+00
         1          7   3.5267387540989805E+00   6.0411075950235880E+00   4.1882813659266693E+00   6.4272079455041953E-01
         1          8   3.6678353310335896E+00   2.3313052117797373E+01   1.4079550032785612E+01   3.1457826246104559E+00
         1          9   6.3806749667364437E+00   4.1981543160458969E+01   2.3632007063948361E+01   5.6129778258944700E+00
         1         10   1.2781051156798174E+01   4.5974080293707573E+01   2.6273931505529593E+01   6.3987787227811674E+00
         1         11   1.2749340415521983E+01   4.3382441540417318E+01   2.1820254377823471E+01   5.6917417263161081E+00
         1         12   1.0014046584111599E+01   2.6326035372648320E+01   1.3920402747346513E+01   3.4073305138808858E+00
         1         13   1.2146054761234382E+00   4.2783420719508705E+00   1.9623923666054719E+00   3.3888358884569286E-01
         1         14   3.9406248169001139E+00   5.4938926448614529E+00   5.2974177102989231E+00   1.7628765205538177E-01
         1         15   7.0198201278799476E-05   2.4371558121092804E-02   1.4836055920006688E-03   1.7278644600309105E-03
         1         16   1.9984069531326456E-11   1.4618431983955414E-06   1.3015165718389609E-08   4.5093006879162569E-08
         1         17   5.2249068187959509E+01   1.4297817908990240E+02   1.0849687386408510E+02   1.5734487800026994E+01
         1         18   7.0184836357474536E+00   4.5603570694392666E+01   3.1332666020409842E+01   6.1310022587988522E+00
         1         19   1.3462246123222293E+01   8.6626883878328982E+01   5.5162068872991050E+01   1.0875442913566193E+01
         1         20   1.6601506188747017E+01   9.7654749959650161E+01   6.0381069337159481E+01   1.3040930847170667E+01
         1         21   1.5730830381361560E+01   8.4000508809972800E+01   4.7749037800127219E+01   1.1312572369188659E+01
         1         22   1.8755047832805982E+01   6.6739895090005774E+01   3.4852639679960667E+01   8.8625213092521236E+00
         1         23   1.3789944128163615E+01   4.3389607008775513E+01   2.1038432559316220E+01   5.3792564000866001E+00
         1         24   7.0864390170516964E+00   2.0193363197888576E+01   9.4247137077458358E+00   2.7143639310208756E+00
         1         25   1.3612971005571346E+00   6.9093865507936192E+00   1.7860016961041063E+00   7.0645068575058811E-01
         1         26   2.4658117568842006E+00   4.4636629773749474E+00   3.9953849710357128E+00   4.3048295793022745E-01
         1         27   5.1891167771835294E+00   6.8873277730855902E+00   5.9659016874460322E+00   7.9579605686534005E-01
         1         28   3.4000690494523922E+00   1.2390651798544752E+01   5.3403988676333540E+00   1.9068341201517027E+00
         1         29   2.9390635607643880E+01   6.2501483780404051E+01   3.8131369697087244E+01   7.3678311728019361E+00
         1         30   3.5068548409403939E-02   6.0386674412618930E+00   5.4186924295732608E-01   9.8590254553182510E-01
         1         31   4.3350279842229171E-04   5.8735374432208074E+00   3.5641990765233905E-01   8.3908427930871021E-01
         1         32   1.5366959670006100E+01   3.4424134232332932E+01   1.9636383028040658E+01   4.3255058276761087E+00
         1         33   1.0581002345924071E-06   5.6667552375347920E+00   2.4175408253637035E-01   7.0156390975368521E-01
         1         34   7.1918913491855152E+00   2.0012987703998053E+01   1.0498424213600513E+01   2.9711401991586861E+00
         1         35   1.6040740757669393E+01   3.4235517394194787E+01   2.0222580412436351E+01   3.8830626677879416E+00
         1         36   4.9714314395409778E+00   1.4274929274525254E+01   7.4897972377795909E+00   2.0887131936793844E+00
         1         37   1.3914523367954017E+00   4.7479796971542356E+00   2.0560832617210321E+00   6.5531073069701840E-01
         1         38   7.1225948150810012E+00   1.5540699156756991E+01   8.7854149543769271E+00   1.8525148293858049E+00
         1         39   1.3626797231433937E-07   2.1009651288616338E+00   7.6679190979860104E-02   2.3590414272215654E-01
         1         40   6.6810915503532113E+00   1.4169556533244617E+01   8.2308860736908134E+00   1.4373726788463057E+00
         1         41   2.7507066330802561E-03   8.7312376234607414E-01   5.3630842745538733E-02   1.1597356949800086E-01
         1         42   2.2186447294411891E-05   8.5557518898655083E-01   3.7548767362215893E-02   1.0080834323227819E-01
         1         43   2.2129844582316721E-01   6.5499947013434068E-01   2.9748423148809522E-01   7.0139565447410068E-02
         1         44   1.1722480874109929E-09   1.9764963502718400E-01   5.2117410587070815E-03   1.8035584069203078E-02
         1         45   4.1865238755042133E-01   1.5687104150095574E+00   7.8913658277358123E-01   2.2641769166631900E-01
         1         46   4.6101733444655665E-02   1.3626403832224185E-01   6.0202858415432256E-02   1.2505270516089682E-02
         1         47   4.1795859763533915E-05   2.3049432254868735E-02   8.3437688469390847E-04   2.2004545884330056E-03
         1         48   3.4387100815382154E-01   1.0393801989837945E+00   4.8301818659377155E-01   1.1414873806131688E-01
         1         49   7.8269531108463741E-02   3.8060276174105312E-01   1.7071318621534870E-01   5.4393632893167239E-02
         1         50   4.3348041654322081E-03   1.5685144945298664E-02   5.7235712450725978E-03   1.3689488207101592E-03
         1         51   2.5147197625937368E-06   7.7024773840608741E-04   2.1453399741122029E-05   5.8646018425936674E-05
         1         52   2.7544457307258671E-02   1.3273205227729123E-01   4.7533381058307962E-02   1.4585756594709162E-02
         1         53   2.8254414186431651E-09   7.1940169941226339E-04   1.3487151294516833E-05   5.1534019987671625E-05
         1         54   1.2183960340003719E-13   6.9853902234505395E-04   9.9908571899704693E-06   4.4293167274336171E-05
         1         55   6.2248394281761608E-08   6.8591096941294469E-06   1.6569963904305955E-07   2.9788023265278517E-07
         1         56   4.9890078321686690E-12   4.2429781349627296E-06   4.4248493777149442E-08   2.2764775984880552E-07
         1         57   1.3263520109242777E-16   3.4919690413065603E-06   3.2434606949513153E-08   1.8237001731893617E-07
         1         58   2.2428093687437705E-10   8.1584991776592443E-09   4.3791147230297358E-10   3.2210656181601653E-10
         1         59   1.3858385356682983E-06   4.8704625132249879E-05   5.7358677041145622E-06   3.4397142905672176E-06
         1         60   9.9532858303456043E-15   4.7673441233534406E-09   1.0038086040992645E-11   1.2510266505395789E-10
         1         61   5.2110508867737776E-21   1.8921953398297981E-09   6.1785505747115984E-12   6.1164045137398384E-11
         1         62   2.4576759404978924E-11   3.6030695163272428E-09   1.5375246040947858E-10   1.5776704669642399E-10
         1         63   3.7785324895498534E-14   1.8986960573349786E-12   9.3032452492916489E-14   8.8532430902964416E-14
         1         64   1.6727630818213074E-18   1.3232126796682711E-13   1.2055261904485131E-16   3.2553017369477232E-15
         1         65   4.7879587045021331E-27   5.2516371598225218E-14   4.0793473103076184E-17   1.2805074250452205E-15
         1         66   2.8918633272484969E-11   1.1610859495050545E-08   4.7045793107487295E-10   5.0387457456185106E-10
         1         67   1.4131478669852089E-17   4.6398082445213734E-14   4.3805406456618591E-16   1.5046253871849842E-15
         1         68   2.2459917688675937E-20   2.4189308152129669E-17   2.6263526744345342E-19   8.0089118308549988E-19
         1         69   2.4318819163212432E-24   1.1839950460592324E-20   2.6803960522302286E-23   3.1840488326340585E-22
         1         70   4.7600367534161475E-33   4.6894316229647523E-21   2.8246570076560490E-24   1.1391027895404995E-22
         1         71   5.0349962724052250E-30   7.1657133457478780E-25   1.4707535213420179E-27   2.1339895041131984E-26
         1         72   9.3388673311413517E-34   2.9895915308402087E-29   7.3565404714489510E-32   8.9644899948995536E-31
         1         73   4.4857884839251903E-42   5.9021165437456826E-32   3.6236673027655814E-35   1.4340683485735771E-33
         1         74   3.7276245046943808E-27   4.4967515791116680E-21   7.9197375398679683E-24   1.3356047676886764E-22
         1         75   1.7506252127832471E+02   1.6163768218327648E+03   7.7820731440861903E+02   2.6526599111587853E+02
         1         76   1.0000878576307123E+03   3.8135103550221002E+03   2.3849880776460732E+03   5.0625717579060932E+02
         1         77   1.0840213529321668E+01   4.7794172438853832E+02   1.6607551456898278E+02   8.7890478494569706E+01
         1         78   7.2434574227979431E+02   2.3001497585772918E+03   1.5178790546489486E+03   2.7010093612182953E+02
         1         79   1.7354914059773574E+00   2.5097901679993802E+02   7.7065898735017043E+01   5.1780285010954834E+01
         1         80   5.4711553185553441E+02   1.5593360119860802E+03   1.0717344490011103E+03   1.6982712072530228E+02
         1         81   1.9570085436693790E-01   1.5145468087046771E+02   3.8066673048542384E+01   3.1565213089237570E+01
         1         82   3.6424915282085055E+02   9.4949255507982457E+02   6.9550163464104116E+02   9.7940726463543086E+01
         1         83   1.3543629667907339E+02   1.2118515478969575E+03   5.6373282601600170E+02   1.9612367752679614E+02
         1         84   8.0744450971733013E+00   3.6492696592038470E+02   1.2069812414095716E+02   6.7647199227032885E+01
         1         85   5.7941917882822167E+02   1.7100221772482582E+03   1.1452910018551981E+03   1.9783301742863421E+02
         1         86   2.9157815242020769E+02   7.1841683753048540E+02   5.3035056630613042E+02   7.2737241278312865E+01
         1         87   5.8679615888986041E+02   1.8889619454196018E+03   1.1734739494880962E+03   2.3578589980911210E+02
         1         88   7.6033608985272960E-01   1.3433015576986287E+02   3.6270453007236270E+01   2.8863504442681517E+01
         1         89   3.2083722613023087E+02   7.8064160290582095E+02   5.5132064383614409E+02   8.2079496009763943E+01
         1         90   8.8805234394074659E-02   9.0409678579313336E+01   1.8348772404713916E+01   1.8386269314398607E+01
         1         91   5.9955419246542448E+01   4.5184400345586823E+02   1.8768600475441184E+02   7.0044912500794425E+01
         1         92   2.8529083808247191E+02   7.0303394234953453E+02   4.4750195824382649E+02   7.2185110293681674E+01
         1         93   1.4104822669747688E+02   2.8626784268149322E+02   2.1069751567343675E+02   2.7984799717123856E+01
         1         94   2.1055160261407553E+02   5.6668180170344738E+02   3.2236947190882165E+02   6.1570639323561323E+01
         1         95   1.1671017075453234E+00   6.3392667341766256E+01   1.6510904246063010E+01   1.3607986426972227E+01
         1         96   1.1499956895521090E+02   2.5264614643100933E+02   1.6121581141897678E+02   2.4976311581223538E+01
         1         97   1.1006450671930214E-02   3.7014496237575109E+01   4.5558863355678509E+00   6.5887832826755401E+00
         1         98   7.4634201062686742E+01   1.4945260097033611E+02   1.0351451735783451E+02   1.5420267567897906E+01
         1         99   1.2523236743914554E+01   7.1454473884861400E+01   2.7864857386252012E+01   1.1232732849573093E+01
         1        100   9.1396524927314275E+01   2.3084368121340233E+02   1.3174885929928814E+02   2.5623184763758026E+01
         1        101   3.5406965361247156E-01   2.5697311843220692E+01   5.2509670163039557E+00   5.4147116350346929E+00
         1        102   2.4805232857534481E-02   2.1591271511404628E+01   2.8752410716411694E+00   4.0329134573586645E+00
         1        103   4.9308903997228434E+01   1.0941348185607954E+02   6.7663727294062454E+01   1.2287392068942715E+01
         1        104   1.5767846576258339E-03   1.8688191771759698E+01   1.6492423186594629E+00   3.0138474643046300E+00
         1        105   4.1222253210558772E+00   1.8391370906907145E+01   7.7019044770954688E+00   3.0509137023697286E+00
         1        106   3.3552730145381886E+01   7.3792591992689083E+01   4.5516938999125202E+01   8.9227635517941657E+00
         1        107   7.3422409268627337E-02   8.5750259094112309E+00   1.2168625596103082E+00   1.6244873801198492E+00
         1        108   2.4951021591553133E+01   5.3187495097582371E+01   3.3156924579626043E+01   6.4621002875342013E+00
         1        109   2.8599793479953295E-03   7.9038781237658124E+00   7.3154710836317882E-01   1.3022686779931312E+00
         1        110   8.7356855067347638E-05   7.2363238644856889E+00   4.5332597898507748E-01   1.0346074362496540E+00
         1        111   1.0197732324835703E+01   2.4176729191975539E+01   1.3835998255435491E+01   3.3986557795847077E+00
         1        112   1.0680156918001467E+00   4.0144466540396921E+00   1.6873663308961959E+00   5.8921186284172578E-01
         1        113   9.2180587884070110E-03   1.9916362374419858E+00   1.8418567740248504E-01   3.1867694698024979E-01
         1        114   7.6198643001291746E+00   1.6404636119501987E+01   9.5954377547029548E+00   1.8556122489286841E+00
         1        115   1.6917073231530077E-04   1.9152817260761832E+00   1.2208338687120227E-01   2.6988024866101684E-01
         1        116   2.4025597613849525E+00   6.8941182837426878E+00   3.6597796460042713E+00   1.0016570465610892E+00
         1        117   2.0020389954749440E-01   6.3886440155229962E-01   2.7764150240895918E-01   7.2894284509524107E-02
         1        118   2.1353862726167798E+00   4.7900761357310229E+00   2.6219571768019838E+00   4.8705907057615833E-01
         1        119   1.0029254250326327E+00   2.6658639085232445E+00   1.4043770463242748E+00   3.2067775711183705E-01
         1        120   9.0227793435074899E-09   2.2955917859242941E-01   7.2131650676927409E-03   2.3140276438190287E-02
         1        121   6.8266649031461116E-08   9.8962134696353662E-03   2.7361828605764892E-04   8.7649209823597587E-04
         1        122   1.3027491417578992E-11   9.6064897739000718E-03   2.0047475144806904E-04   7.5473377986652395E-04
         1        123   3.9521265133152894E-07   7.9014608908379121E-05   2.2121647562694833E-06   5.6879940497052984E-06
         1        124   9.2012913477361100E-04   9.7089387983567109E-03   2.8732187686955862E-03   1.1960485810165455E-03
         1        125   3.0216649093140365E-06   3.6059752078120817E-05   5.9828883231269457E-06   2.7589496879742923E-06
         1        126   2.1450931110860506E-09   1.3662619274254355E-07   4.3760591116292789E-09   4.6946248947172015E-09
         1        127   1.0004273204509493E-13   8.2943024781621316E-08   3.8614586201212968E-10   2.7709486869942486E-09
         1        128   4.2902211627951167E-19   3.6284988415479064E-08   2.7192461100922796E-10   1.8510775313285533E-09
         2          1   1.4473506294430495E+01   2.3387886839415390E+01   1.9013384139790364E+01   2.5901700122331852E+00
         2          2   1.0073826296247621E+00   6.0115661220265455E+00   3.8262662943607526E+00   1.1798945744953719E+00
         2          3   3.6900249529705027E+00   1.2387138468361037E+01   8.8077569886933365E+00   2.4635569465654399E+00
         2          4   3.9341374358893555E+00   9.9007113030501603E+00   7.2585240769126518E+00   1.7772103897537694E+00
         2          5   3.9023270621946363E-06   3.8413535672071592E-04   6.0880419571858315E-05   5.8781330062052469E-05
         2          6   8.8214977894145061E+00   1.5032067636548529E+01   1.2634270615759021E+01   2.0904277040325256E+00
         2          7   3.3997119774031381E-25   1.4904892065101889E-10   4.3305023092208112E-12   8.3381846559409430E-12
         2          8   8.8608475005550769E-47   4.4298056353329725E-21   2.5641018333214716E-23   1.7909194232389824E-22
         2          9   2.7095283561095646E-82   3.2100013326893595E-39   5.9466456520921617E-42   1.2508791901030109E-40
         2         10   3.3684229609127073E+01   6.4894887304766840E+01   5.0111188530040970E+01   5.2891105644162932E+00
         2         11   4.1901752400224996E+00   2.3934827479367900E+01   1.2627714963082648E+01   3.1098963337503629E+00
         2         12   6.8590698588896988E+00   4.0160166386703281E+01   2.0411542440556612E+01   5.3799449332679163E+00
         2         13   5.3076874774001128E+00   3.9358441850368052E+01   1.9946426642100857E+01   5.0705080900089294E+00
         2         14   7.5190844458473522E+00   3.2742894361584156E+01   2.2149825438564591E+01   6.4709134629325780E+00
         2         15   1.0591379402342342E+01   2.4995416431300089E+01   1.5953254657458215E+01   4.0098885455044027E+00
         2         16   1.0331548147881592E-01   3.3556195794772812E+00   5.0846366584461489E-01   4.8881166497225426E-01
         2         17   8.0123524849931879E-13   6.1052482719677040E-05   5.4589373819492863E-06   7.7414395813646651E-06
         2         18   5.7863387603260279E+01   1.4315253454738041E+02   1.0807619474118397E+02   1.3453438425195039E+01
         2         19   4.7223128037698771E+01   1.0379669781829791E+02   8.0133913582251651E+01   9.1780768233911427E+00
         2         20   8.7849034838868807E+00   4.8588650611979574E+01   3.0629406545766980E+01   6.4915236362969564E+00
         2         21   1.4380191739441338E+01   9.0374130047247746E+01   5.1748965394540328E+01   1.1534787178219927E+01
         2         22   1.8608557749484515E+01   9.9945225984221153E+01   5.4360655702129378E+01   1.2972522009756306E+01
         2         23   1.2171790560703551E+01   7.8217306761963812E+01   3.9371741840714286E+01   1.0406045766232641E+01
         2         24   7.3832076467805470E+00   4.8812841939233842E+01   2.8332565282644463E+01   7.7594863845484978E+00
         2         25   1.2400340999077773E+01   3.6938260583034825E+01   2.5311434422258181E+01   6.5611605499418699E+00
         2         26   6.0235328801629811E+00   1.7583475160358795E+01   1.0898773940445578E+01   3.1069171664825093E+00
         2         27   8.5004329383629873E+00   1.7314251678406691E+01   1.4406541220762405E+01   2.6182066255987162E+00
         2         28   7.0810879087364889E+00   1.8741322137980728E+01   1.1852481306097287E+01   3.0666869152531722E+00
         2         29   7.7129900656421557E-01   7.7131204044769497E+00   1.6622328113158580E+00   1.2460901459324190E+00
         2         30   2.0344959172821657E-09   1.6230425691898065E-03   2.0599855562444623E-04   2.7794745244054994E-04
         2         31   1.2818300152911940E+01   4.9402478608563726E+01   2.3585387224745809E+01   8.0612013082861047E+00
         2         32   3.4235359548190374E+01   8.2449389274872459E+01   5.0187716993758109E+01   1.0681124966557091E+01
         2         33   3.8019968897952170E+00   1.9046284690166750E+01   7.0806487408637979E+00   3.4741326952040446E+00
         2         34   8.3729942371173749E-01   7.5576246561449665E+00   2.3965283238044202E+00   1.5249355396177600E+00
         2         35   1.5818579850356471E+01   3.4067935370992821E+01   2.1769016073356191E+01   3.7320786718652332E+00
         2         36   5.1358643456355359E-02   1.8152025548871722E+00   4.0767786891782054E-01   3.5794447823343145E-01
         2         37   8.2797702298790359E+00   1.8239146671150763E+01   1.1865823360341848E+01   1.6983641811487509E+00
         2         38   1.3060674097453148E+01   3.6126698331766804E+01   1.9685649485331687E+01   4.5487259383569532E+00
         2         39   1.7260937653739044E+00   9.1224107729571333E+00   3.0188232708814016E+00   1.6062471211690101E+00
         2         40   9.2003698859024343E+00   2.2518508950612670E+01   1.2535596920960682E+01   2.6659832647329482E+00
         2         41   3.8434905028994906E+00   8.2664841274770975E+00   4.8916599727081014E+00   7.2119131495768218E-01
         2         42   2.4456102175109016E+00   1.1789713702026779E+01   4.1949325068650927E+00   1.8211940793273662E+00
         2         43   2.9839991779657931E+00   7.4847898326009163E+00   3.9358418897764857E+00   8.2582800404508505E-01
         2         44   6.9078922344048433E-03   3.1999471849988409E-01   6.9829291618071276E-02   6.5841266414415997E-02
         2         45   1.8461995500001656E+00   4.0427657305496130E+00   2.1876648920268913E+00   3.7003438642446113E-01
         2         46   1.4959769626681274E+00   5.7025993181316199E+00   2.4378270439863452E+00   7.4748425560276499E-01
         2         47   1.0401347575645943E+00   3.7233311541302432E+00   1.5953470717187677E+00   4.6194264769701116E-01
         2         48   5.0242513463687966E-01   1.3858956555289303E+00   6.5346161152617888E-01   1.4689070281667713E-01
         2         49   7.5807650749404563E-03   1.2920303980853654E-01   2.3143508431562668E-02   1.9966479280839056E-02
         2         50   1.1084643302291491E-01   5.2192683337796930E-01   1.8678191207035330E-01   6.7226270537536492E-02
         2         51   3.3748687071561426E-04   2.0696731855165105E-02   3.3140981596185295E-03   3.6944137251696254E-03
         2         52   1.1290056379012234E-02   9.4275479383490693E-02   2.4195258349176810E-02   1.2403020635524833E-02
         2         53   1.7305115886496621E-03   3.1790675594520042E-02   4.4644487528141532E-03   3.6628412857495035E-03
         2         54   2.6599767602044069E-03   2.6003560235236683E-02   7.2674154499003767E-03   3.7317217022198226E-03
         2         55   5.5137763436428621E-05   1.9455871251405619E-03   2.0303981872495932E-04   1.5451450948856542E-04
         2         56   1.1537485062997803E-04   2.4363233894997326E-03   4.1554645132735698E-04   2.8764719790452407E-04
         2         57   6.1851296296930832E-08   7.0781663897913856E-06   4.3654384827629262E-07   3.8291331468402875E-07
         2         58   1.5351503555990220E-07   1.2071545470550342E-05   1.1188624593196286E-06   1.0544797946259072E-06
         2         59   3.5762562666404716E-09   1.0667937216284659E-06   5.1812390451040723E-08   5.9515309810240771E-08
         2         60   1.9032459467811452E-08   7.8657151196086425E-06   6.8031458644265957E-07   7.0560956374226644E-07
         2         61   4.6139735753886477E-12   1.5985372414209700E-09   5.1182221106524462E-11   7.5181580494208815E-11
         2         62   1.1134173333944788E-11   6.8130049530738589E-09   2.0207378778440100E-10   3.0009708133348608E-10
         2         63   5.5455247902697019E-14   2.0304365778459680E-10   5.8868946795070762E-12   1.0397887782485426E-11
         2         64   5.9676946129727416E-15   2.8163147577291321E-11   6.9781525533927691E-13   1.1965127861550642E-12
         2         65   1.0153805899182271E-13   3.4662648604478800E-09   9.5135361213621058E-11   1.4947416939905444E-10
         2         66   5.3168067040242453E-18   1.2113770310133003E-14   8.3474201085112268E-17   4.1542621289017910E-16
         2         67   6.2020753064426338E-18   8.9478899601517172E-14   5.3225994098062994E-16   2.3575877964859526E-15
         2         68   7.3984228580182864E-21   4.9648536038784650E-15   2.5783402190023135E-17   1.6338164781716824E-16
         2         69   2.4403680041035719E-22   1.4096708593737907E-16   9.2599202603746927E-19   4.7915363191245107E-18
         2         70   1.9866251415229010E-21   4.6875972794653445E-14   2.6415105086235880E-16   1.2096774848103159E-15
         2         71   3.1355324445870219E-27   1.5800080772260662E-22   3.4907662934089595E-25   5.7483190179495252E-24
         2         72   5.4775985004649741E-31   6.4621639828220432E-23   8.6836796140074829E-26   2.0471547775243195E-24
         2         73   4.0176307108153840E-29   2.3980060027530853E-21   2.6546540092571294E-24   5.5643919810624727E-23
         2         74   8.7515658327520268E-33   1.9620203922887848E-23   2.6878220190689848E-26   6.2108232095321150E-25
         2         75   9.7778705046119641E-34   1.8093126988737740E-24   2.6045830883229295E-27   5.7204589617810570E-26
         2         76   4.6810963565115640E+02   1.6273364366756598E+03   9.8838387215891737E+02   2.1970360360706488E+02
         2         77   9.2121501874993976E+02   3.7594458606230287E+03   2.3600164923238335E+03   4.4731328639080999E+02
         2         78   1.3216519198935251E+02   4.1959047942456505E+02   2.7726175415414554E+02   6.7742018604925093E+01
         2         79   5.8014664165849854E+02   2.2612064898200506E+03   1.4234992231711760E+03   2.3960260757817684E+02
         2         80   5.0601776022165950E+01   2.2785649176493422E+02   1.4645575304464433E+02   4.9668657207782836E+01
         2         81   4.1761614265978903E+02   1.5383546886590996E+03   9.7736035909953534E+02   1.5604145349933597E+02
         2         82   1.0586999415987375E+01   1.4561456858265925E+02   8.0597407466035506E+01   3.5425867626183063E+01
         2         83   2.7489076036613181E+02   9.4453628288902769E+02   6.1407406912601118E+02   9.9519598852245366E+01
         2         84   3.6745411540864546E+02   1.2354461575868206E+03   7.5444291298432518E+02   1.6607618926614379E+02
         2         85   1.0351976835296642E+02   3.2617416586257912E+02   2.1597031157629664E+02   5.4490755409989880E+01
         2         86   3.3260899103704099E+02   1.1566128130859270E+03   7.4706705023452821E+02   1.1763954681398002E+02
         2         87   2.1616153450545139E+02   7.1693140977987366E+02   4.6929230006241795E+02   7.7092994720994938E+01
         2         88   5.5601421902847005E+02   1.8143148536867529E+03   1.2158282837247498E+03   2.1469788657462593E+02
         2         89   3.3989697704091827E+02   1.0974142106713855E+03   7.4030892342638947E+02   1.1784349867066283E+02
         2         90   2.8917077138598884E+01   1.3073753623168790E+02   8.0210320866486214E+01   2.9421062375926574E+01
         2         91   6.3817455833434122E+00   8.3164557635065250E+01   4.3625749769726497E+01   2.0614759952650040E+01
         2         92   1.5077270596296350E+02   4.8149530101969708E+02   3.2058395516377755E+02   5.3972676577306650E+01
         2         93   1.6253541856254162E+02   4.8205254025612726E+02   3.1207405289734913E+02   6.9531231553115944E+01
         2         94   4.5126621514452488E+01   1.4065433652077186E+02   9.3709861952438217E+01   2.6615943254194573E+01
         2         95   2.0755571186982229E+02   6.0742935310694895E+02   4.4335957341055706E+02   6.9819017254609378E+01
         2         96   1.4497313530751379E+02   4.3331621938885490E+02   3.0742423949627477E+02   4.8010382036551754E+01
         2         97   8.7093206011435441E+01   2.4235808586372445E+02   1.6348666538793825E+02   3.8104809109023783E+01
         2         98   1.9987526455675447E+02   5.3566182022021974E+02   3.7290269448896350E+02   6.4567053930292161E+01
         2         99   9.2552046942212307E+00   4.4281801636277450E+01   2.4817045660458138E+01   1.0336155531856573E+01
         2        100   7.9156899838502511E+01   2.1700214997291960E+02   1.5915121746261030E+02   2.4764446066218639E+01
         2        101   2.0724919327385050E+00   2.6423919560688340E+01   1.2267742065982320E+01   6.4923884104078677E+00
         2        102   4.7460440981394775E+01   1.4174877785434987E+02   9.6651988052589033E+01   1.6866605570083223E+01
         2        103   3.9301002467486079E+01   1.0911048625472174E+02   7.3200983007628551E+01   1.8590416220499886E+01
         2        104   1.0293848255788980E+02   2.4195480179221354E+02   1.6316255030855507E+02   2.8732639548590516E+01
         2        105   1.0846956832379286E+01   4.2823739557708940E+01   2.2415048103777767E+01   8.1194020970576073E+00
         2        106   5.6590220627397031E+01   1.4538337200180914E+02   1.0086361095533985E+02   1.6320334823000490E+01
         2        107   3.7624391685441831E+00   2.1258202673764870E+01   1.0178464549703442E+01   4.7295730180690327E+00
         2        108   3.8611831745953175E+01   9.6304040429828120E+01   7.0011126359098768E+01   1.0573241620040017E+01
         2        109   7.6698862810728574E-01   1.0222746299551408E+01   4.3195908536771510E+00   2.4997519120945388E+00
         2        110   2.1986206929054532E+01   6.0430702252747736E+01   4.1149318845247450E+01   6.7288618858233216E+00
         2        111   1.4467107793602974E+01   4.8955074427475267E+01   2.6750136419155371E+01   7.9060259616176696E+00
         2        112   4.2790570829895032E+01   8.7013763177150096E+01   5.7794717742115147E+01   1.0466351325265753E+01
         2        113   4.1793022926049375E+00   1.9453500623105061E+01   8.2707932672778348E+00   3.5731878836178916E+00
         2        114   1.1702320041020806E+00   8.6717410054123381E+00   3.2933359661916497E+00   1.7952423515900857E+00
         2        115   1.6149637097731329E+01   3.5640374723994654E+01   2.5211440590803509E+01   3.7156019350918892E+00
         2        116   1.7913846199202260E-01   3.0793920772701471E+00   1.0367724124759248E+00   6.9340422122570178E-01
         2        117   8.7979487812796595E+00   2.0580062045910580E+01   1.4324840162402523E+01   2.0308291419231121E+00
         2        118   1.0329280286030629E+01   2.6090677564695021E+01   1.4869440717925231E+01   3.0757378175672581E+00
         2        119   7.3186511423300535E+00   1.6329113292126546E+01   9.4799430087248240E+00   1.8049506341342971E+00
         2        120   5.1810029316003279E+00   1.1163014710764614E+01   6.7313996227893318E+00   1.1067780153312736E+00
         2        121   2.3725230755435249E-02   6.7218889861485176E-01   1.6995996626650708E-01   1.3821962888381539E-01
         2        122   2.8012113194720789E+00   6.1209767339589822E+00   3.7628132405808468E+00   5.0604138622407879E-01
         2        123   1.4796447380387359E+00   5.0746945314235195E+00   2.3071976817014201E+00   6.3708330039864880E-01
         2        124   5.0178093167459437E-01   1.2390415279902567E+00   6.1618259986263535E-01   1.1918960438884615E-01
         2        125   4.7438531897145760E-02   3.8369029245063480E-01   8.3495225826639971E-02   4.9052393346389389E-02
         2        126   5.9319908952004806E-02   3.2796537105183532E-01   1.0709293302406826E-01   4.1933702744689619E-02
         2        127   7.9800774121171695E-09   1.4952212296783687E-06   8.1720247730595910E-08   1.1087889131771785E-07
         2        128   2.5210208218739606E-07   3.7416733014525254E-05   4.4280022401401317E-06   4.0853040935899415E-06
         3          1   1.6038347367024762E+01   1.8724245031393561E+01   1.6696880281139126E+01   4.8677122780820486E-01
         3          2   2.2545907050343046E+00   5.7828852915522289E+00   3.2277875948807790E+00   6.5995805281644537E-01
         3          3   6.9044486947179964E+00   1.0397223081004805E+01   7.8059125864480992E+00   6.2500023836214424E-01
         3          4   9.2694211723775517E+00   1.1130037295525698E+01   9.3874120169816120E+00   1.6574788419353670E-01
         3          5   5.9268016785582027E+00   6.6229160361146020E+00   5.9441111574276340E+00   4.2433517841893233E-02
         3          6   8.8113940109943876E+00   9.3866427448775873E+00   9.3399131223725025E+00   3.1766519980324724E-02
         3          7   3.8486284414239821E-18   4.8520252295674803E-15   1.4267512280245307E-17   2.1769633116013468E-16
         3          8   3.2501572934303006E+01   5.7937529536702378E+01   4.5819230673748272E+01   4.8673162983961324E+00
         3          9   3.2674184698403645E+00   2.1769669171261803E+01   1.2114381596096186E+01   3.0901254952961175E+00
         3         10   2.4500370850174478E+00   2.9402429338739591E+00   2.4562580607929867E+00   2.9116296693653992E-02
         3         11   6.0210273598734823E+00   3.6792287319515864E+01   1.9696587500221494E+01   5.2402078585317549E+00
         3         12   8.3835269942058961E+00   3.4028739018838010E+01   1.8865363931212546E+01   4.9880248779844161E+00
         3         13   8.1418827252765809E+00   9.3399913464522086E+00   8.1633765159528160E+00   7.4969919783455380E-02
         3         14   4.5758296142293101E-04   3.4816519919246961E-03   4.7670384745514965E-04   1.3955187187563350E-04
         3         15   3.6890875762912568E-09   2.0883474262795761E-07   4.3315374828854563E-09   9.2811313923980921E-09
         3         16   5.8279716584152652E+01   1.3407059458496144E+02   1.0389752632715873E+02   1.4444182003462283E+01
         3         17   1.6512594919094855E+01   2.2067813141106729E+01   1.8794339885069373E+01   9.9599609868269479E-01
         3         18   9.1902306644013212E+00   4.7026357735133615E+01   3.2573078116802968E+01   6.8081590167390278E+00
         3         19   1.3703349845299101E+01   7.8637415493747554E+01   5.3925402860314584E+01   1.1654845895006176E+01
         3         20   1.4967667656374037E+01   9.1621678692907153E+01   5.2854196048993401E+01   1.2914041525442919E+01
         3         21   1.2915617195775425E+01   6.8787497094758706E+01   3.8268049808562360E+01   1.0208296193933251E+01
         3         22   1.5191017008243897E+01   4.5247770915557147E+01   2.4849221174036138E+01   5.4729523945447616E+00
         3         23   2.2303687155589532E+01   2.9453095658055666E+01   2.4026048995618236E+01   1.3014846283882819E+00
         3         24   1.2089980725619714E+01   1.5190151200260319E+01   1.2156893182647243E+01   2.0743893811405087E-01
         3         25   8.9198459245205530E+00   1.0516178141344499E+01   1.0281675479599940E+01   7.1429137291857139E-02
         3         26   9.3066490761842751E+00   1.1192334615755618E+01   9.3294182112763053E+00   9.8963727724804162E-02
         3         27   3.7214464576849920E-01   6.2358585009320344E-01   3.7536683008635063E-01   1.2188491317567171E-02
         3         28   1.7703911966852317E+01   2.3055081467243152E+01   1.7847465443529018E+01   3.5046903547890534E-01
         3         29   5.3432531235829018E+01   7.0178462622356847E+01   5.3992263778061137E+01   1.0739135490637566E+00
         3         30   4.1284966957273275E+00   5.3354742844063345E+00   4.1471796908347685E+00   7.4300860409057451E-02
         3         31   3.5285178931443291E+01   4.6245789817142096E+01   3.5658562673583873E+01   7.0696758875975607E-01
         3         32   1.2874045011712929E+00   1.7476061081911480E+00   1.2919645855924222E+00   2.7048801137341316E-02
         3         33   2.4800461113947925E+01   3.2619369964243042E+01   2.5075414651418928E+01   5.1200624479925061E-01
         3         34   2.6585188211983141E-01   4.3430291586871661E-01   2.6708916334551575E-01   9.5071287801607347E-03
         3         35   1.4000803338270263E+01   1.8581762139867834E+01   1.4190114865084455E+01   3.2923593908329069E-01
         3         36   1.2651135273241030E+01   1.6775169420757663E+01   1.2737323680509165E+01   2.6310483688548136E-01
         3         37   2.5357858515142869E+01   3.4057917474256577E+01   2.5590056963921782E+01   5.3767762923545204E-01
         3         38   1.0122901038552268E+01   1.3787507000272742E+01   1.0241798315559061E+01   2.4278963036022105E-01
         3         39   7.6148450822669016E+00   1.0431833272464461E+01   7.6578736923651425E+00   1.7509416585585899E-01
         3         40   2.2787028376641619E+01   3.1851323015395444E+01   2.2958071907590462E+01   5.4321471492990003E-01
         3         41   1.8926813012953356E+00   2.5128414602384272E+00   1.8999135278486798E+00   3.8577547556614161E-02
         3         42   5.7711652721226259E-01   7.8940913651299527E-01   5.7922029670042241E-01   1.2565623392097982E-02
         3         43   1.0879605826637716E+01   1.5286024422186646E+01   1.0967855950736663E+01   2.6077384804427944E-01
         3         44   9.4805568906376952E-02   1.5272162876722312E-01   9.5289273899636928E-02   3.4059531369392774E-03
         3         45   9.3626951451830520E-01   1.2886360092832252E+00   9.4018514584206525E-01   2.2303842906552265E-02
         3         46   7.0910527234205318E+00   1.0551303324178853E+01   7.1375641053093712E+00   2.0088145847547095E-01
         3         47   2.8533316610934617E-01   3.9854924010193438E-01   2.8649821983395041E-01   6.8138928060061405E-03
         3         48   4.0640944527152931E-02   6.3420632153691842E-02   4.0873366915310849E-02   1.4333466187832378E-03
         3         49   2.8765675817249070E+00   4.3837427734379926E+00   2.9008764588984639E+00   8.5964398594167421E-02
         3         50   1.1427119607503577E+00   1.8048695218917745E+00   1.1485493907079587E+00   3.9784531962336715E-02
         3         51   3.2127299078858482E+00   5.2744698158324788E+00   3.2320500653989224E+00   1.1906210824423351E-01
         3         52   1.0086285800946174E-01   1.4860002287466259E-01   1.0136655170291299E-01   2.9334256357684049E-03
         3         53   1.5875891587656612E+00   2.6533073273881489E+00   1.5982392762784936E+00   5.9220008040084274E-02
         3         54   8.9935453538934240E-01   1.5368056326798671E+00   9.0634802571770656E-01   3.4695960938494981E-02
         3         55   2.1082967341009276E-01   3.8041605237827159E-01   2.1227236586845821E-01   1.0167745406068357E-02
         3         56   6.6337257224374349E-02   1.1034691605811957E-01   6.6785934202503450E-02   2.8340934619250908E-03
         3         57   3.7126623063857439E-01   7.2293486546353924E-01   3.7396072073228093E-01   1.9584604590177628E-02
         3         58   2.6916458802643384E-01   5.3550586594843541E-01   2.7123127884674497E-01   1.4434349629409810E-02
         3         59   2.6776273906834185E-03   4.6572223115296579E-03   2.6992553712075588E-03   1.1333727453044257E-04
         3         60   1.5213182044158119E-01   3.1328618827144167E-01   1.5340766986703289E-01   8.4636708870623276E-03
         3         61   1.7072436022030416E-02   3.7141161044176925E-02   1.7238453031579205E-02   1.2364704900641869E-03
         3         62   1.0034641444983210E-02   2.7978027848186791E-02   1.0147307732754792E-02   9.0907754483997836E-04
         3         63   2.8182449135022956E-04   1.1812605721797879E-03   2.8669262018110608E-04   4.5579083850778722E-05
         3         64   1.5586378980597631E-06   8.3014533175047605E-06   1.5987386207003291E-06   3.7290396984534397E-07
         3         65   1.2970642163718928E-06   8.6474317572838800E-06   1.3349824852994374E-06   4.0216948282359362E-07
         3         66   2.4738620388529357E-07   1.3057063310640071E-06   2.5369453543597466E-07   5.5342367101569965E-08
         3         67   3.7627975283286261E-11   1.0430182910517544E-09   4.1028421609114761E-11   4.7844338953555408E-11
         3         68   1.4067266843267438E-11   5.2148334589268303E-10   1.5564720123480494E-11   2.3179685965896847E-11
         3         69   2.9926527234264951E-16   1.9061005542887406E-14   3.6462690672765388E-16   9.3230457617816430E-16
         3         70   1.3222189669297704E-17   2.0725285979024678E-15   1.8992041683004402E-17   9.5795598710077625E-17
         3         71   7.7819771248562468E-25   5.5174328698159524E-22   2.1902708916328867E-24   2.4951777036996204E-23
         3         72   2.4043235539709954E-28   1.6521372850193908E-24   3.7188434638232756E-27   7.3303301982839679E-26
         3         73   3.4415186235700838E+02   1.3314039270878745E+03   8.1675629635434882E+02   1.8958467907169472E+02
         3         74   9.7828961369577553E+02   3.2747739439023890E+03   2.0771928926413711E+03   4.3747586431614195E+02
         3         75   1.0025139115994163E+02   3.1896869398579332E+02   2.0254524259842069E+02   4.0629617265203784E+01
         3         76   6.5427360745474198E+02   1.9478545247657803E+03   1.2656575323848206E+03   2.3666170820902386E+02
         3         77   5.1238871301386844E+01   1.4970980606426599E+02   9.4215051453211728E+01   1.8299896667119334E+01
         3         78   4.8622484035585848E+02   1.3092229191255724E+03   8.7948852190881337E+02   1.4826550446723587E+02
         3         79   2.5379624478868752E+01   7.4699664523128277E+01   4.4180932943873977E+01   9.6717020719998210E+00
         3         80   3.3254690688000591E+02   7.9577139258222189E+02   5.6344520606062974E+02   8.4311439158700935E+01
         3         81   3.8900750404901623E+02   9.7151462778217592E+02   6.6290458650366907E+02   1.0541094599849254E+02
         3         82   2.1487969149239592E+02   6.5111487074110016E+02   4.0629409809645006E+02   8.1175035145363239E+01
         3         83   6.1923175732466440E+01   1.5486229571825092E+02   1.0344914274324269E+02   1.7973983651531231E+01
         3         84   3.9091216846119067E+02   9.2846959041603600E+02   6.3825733236328938E+02   1.0034745773238954E+02
         3         85   3.0712975610428547E+01   7.4039510473855088E+01   4.7883119285957044E+01   8.0937946625241732E+00
         3         86   1.4633416690089517E+01   3.6778617287422399E+01   2.1999708149340993E+01   4.2070829308589586E+00
         3         87   1.9000509973173479E+02   3.9030220291508522E+02   2.8643736876194220E+02   3.7520489311182153E+01
         3         88   1.4745014194041210E+02   3.6496679769527788E+02   2.3554240236977640E+02   3.9499789071247925E+01
         3         89   4.1590854344667513E+01   8.6631415842583024E+01   6.0516680157031296E+01   8.8805812521464240E+00
         3         90   1.9123274133675253E+02   3.5879967012762967E+02   2.6620279585972008E+02   3.1741799570181961E+01
         3         91   2.4516442745574491E+02   4.2021303658843817E+02   3.1406652483467082E+02   3.2162547006643621E+01
         3         92   1.5950508888032732E+02   2.5358480384295436E+02   1.9837899568794774E+02   1.7910214274004577E+01
         3         93   1.0936582503652279E+01   1.8884822026126532E+01   1.3329891266761217E+01   1.3915286067089871E+00
         3         94   1.1374650882862591E+02   1.7694434401808272E+02   1.4003542885877553E+02   1.1990397270310806E+01
         3         95   4.6764381070539027E+00   8.4739765908514411E+00   5.6334780015093919E+00   6.6675545559932348E-01
         3         96   7.0651577015457846E+01   1.0871162284581480E+02   8.7486254204449523E+01   7.4417681136667522E+00
         3         97   4.5301686164176935E+01   6.6952815600384866E+01   5.1719628718537656E+01   3.5969743528560523E+00
         3         98   1.2829781493172177E+02   1.7726964286631556E+02   1.4397722218636198E+02   8.2396912182176187E+00
         3         99   1.1760196531878808E+01   1.7058123190805940E+01   1.3031433490403257E+01   7.9720721810152861E-01
         3        100   4.8725078814415816E+00   7.4074331293196334E+00   5.3359842214177515E+00   3.1958702803521249E-01
         3        101   5.9239321030653393E+01   8.1783406511045072E+01   6.5591814280531779E+01   3.3087635965914610E+00
         3        102   1.8632542361204678E+00   2.9709081560216895E+00   2.0339468477864497E+00   1.3877380263910327E-01
         3        103   3.5638178460450497E+01   5.1158006556627363E+01   3.9797089096446115E+01   2.1645825643239154E+00
         3        104   1.8506740738291210E+01   2.4388538819947858E+01   1.9320981758024963E+01   6.1150148172997110E-01
         3        105   5.4150816694452850E+01   7.1254431567568446E+01   5.6420902513196168E+01   1.5916424877553697E+00
         3        106   4.6536675899710804E+00   6.2504088591716069E+00   4.8030454789654584E+00   1.3271193725213007E-01
         3        107   3.5779692232057627E+01   4.7238167507568342E+01   3.7174980784207598E+01   9.9996767671726805E-01
         3        108   1.7080089136161378E+00   2.3977287676346943E+00   1.7576825833830849E+00   5.0181361486412744E-02
         3        109   2.5393070661827366E+01   3.3849486618854456E+01   2.6393965071739839E+01   7.3579454552587242E-01
         3        110   5.3200347805947401E-01   8.0696599563941651E-01   5.4779208891213149E-01   1.9087425906901923E-02
         3        111   1.4839661368875822E+01   2.0488858382830831E+01   1.5518262317894516E+01   5.0495711156129985E-01
         3        112   5.5367988888937472E+00   7.5730775000355717E+00   5.5970141470594603E+00   1.3014093987002787E-01
         3        113   1.4246087729988046E+00   1.9113716011251456E+00   1.4354531724497905E+00   3.0173289602188211E-02
         3        114   1.1069585357952178E+01   1.5373002579267002E+01   1.1212206716354837E+01   2.6658111264713608E-01
         3        115   4.6532027549183680E-01   6.4387576681501668E-01   4.6851707335084142E-01   1.0519021071948922E-02
         3        116   7.9216763701810242E+00   1.1063189786745834E+01   8.0291336467444392E+00   1.9558976488973950E-01
         3        117   1.0019555866349381E-01   1.5513773770084449E-01   1.0102033016166957E-01   3.1614513794154969E-03
         3        118   4.5525920712669059E+00   6.4216425168055036E+00   4.6276333287855476E+00   1.2411550980032714E-01
         3        119   1.0314687208976510E+00   1.5871342668494706E+00   1.0371121935883210E+00   3.3555528497820550E-02
         3        120   2.0124830652657821E+00   3.2214032836746660E+00   2.0265826432585237E+00   6.8939162804395895E-02
         3        121   9.1479921946380521E-02   1.3370421849745254E-01   9.1900218219690355E-02   2.5736192269448952E-03
         3        122   1.4556607461016873E+00   2.3566996497687320E+00   1.4665652907904514E+00   5.0392138901016528E-02
         3        123   1.3222781785593130E-02   2.0568555128495928E-02   1.3297908984152127E-02   4.7256305172571920E-04
         3        124   8.3138251088427140E-01   1.3697761282403413E+00   8.3880141816177178E-01   2.9814995640634473E-02
         3        125   6.5081024823419639E-02   1.4026428025860377E-01   6.5664256673067176E-02   3.9173003394951779E-03
         3        126   3.2831302896082835E-03   9.9592043158798164E-03   3.3241059455027355E-03   3.5462673992941351E-04
         3        127   2.9907530220264015E-07   1.1130861521820205E-06   3.0487362543589017E-07   4.4806109335579488E-08
         3        128   3.5812833725142364E-06   2.4838756715522090E-05   3.6758854909993108E-06   1.0126250960220220E-06
         4          1   8.4252248002844112E+00   1.3176089038511181E+01   1.0055133659709838E+01   8.3670339994199427E-01
         4          2   1.5219751955044429E+00   7.2449105150903268E+00   3.3997924010321801E+00   9.9323724001565517E-01
         4          3   4.2222873666534095E+00   1.0280498801455797E+01   5.8856268469831328E+00   9.6824703359374731E-01
         4          4   4.5166655529256152E+00   6.6461290511297442E+00   5.1609571585295546E+00   3.9488835381379089E-01
         4          5   2.5451225981576671E+00   3.5545008580885118E+00   3.2788986452703464E+00   6.7630043491384337E-02
         4          6   4.8317372454339438E+00   5.1219552538509694E+00   4.8408841496799386E+00   1.8249685527452604E-02
         4          7   3.2299963448579587E-56   3.2567323934087937E-48   1.2461528785273605E-50   1.9410729044821137E-49
         4          8   1.9306188676116083E+01   5.9373531508621525E+01   4.0262230520699006E+01   6.5088149046179709E+00
         4          9   3.4350851473203941E+00   2.1927335648004952E+01   1.4326163742754455E+01   3.1888816478459319E+00
         4         10   4.7235655008203734E+00   4.1587636167357225E+01   2.4746562676503817E+01   5.9362573799863938E+00
         4         11   6.9149549894373363E+00   4.5584756086874570E+01   2.4520389452942606E+01   6.8792984179052858E+00
         4         12   9.6627555791483690E+00   3.1911288068586423E+01   1.6846954950161631E+01   3.8140745321364244E+00
         4         13   1.9990873355269327E+00   3.9143819669603874E+00   2.4224194499369194E+00   4.0305816870895012E-01
         4         14   4.9892124128166621E+01   1.3838364819233013E+02   1.0206725067152948E+02   1.6180860616318910E+01
         4         15   1.8842849155799691E+01   5.3686611464668708E+01   3.7426034382667034E+01   5.6212753065390242E+00
         4         16   9.4012057467742203E+00   4.6871348811110622E+01   3.1156617786921576E+01   7.2010179733854489E+00
         4         17   1.5606389466370915E+01   8.5044602447849897E+01   5.5742466372649361E+01   1.2211243007491381E+01
         4         18   1.6998760756085730E+01   9.2503367297532634E+01   6.1640432757997814E+01   1.3336446020566129E+01
         4         19   1.1004339809025822E+01   5.7918908428408152E+01   2.8525830151186256E+01   8.0850500021289662E+00
         4         20   1.3030901687103494E+01   2.6472581964252306E+01   1.6684544675718204E+01   2.1123858831418536E+00
         4         21   4.4850605795840233E+00   8.2954380624848767E+00   5.2495405177921386E+00   5.8677758912226974E-01
         4         22   2.3147035891696350E+00   3.5467291444975300E+00   2.7353425078175344E+00   1.8629014594372773E-01
         4         23   5.1900514972900718E+00   5.8020989371919152E+00   5.7457727093441617E+00   3.5940528619350556E-02
         4         24   8.9618922943620297E-02   3.2328331366636415E-01   9.2475937060768926E-02   1.4770903120666949E-02
         4         25   1.8891062667749490E+00   3.6002156690908627E+00   2.2782974353479135E+00   3.0757466512934484E-01
         4         26   2.3868610070355523E+01   3.3236752387239086E+01   2.4713582645616018E+01   7.7255330272144462E-01
         4         27   6.3699248615178969E-03   4.2150185130978679E-01   1.1965703478923592E-01   9.6553809458603687E-02
         4         28   1.9278139755253495E+01   2.6300114611910960E+01   1.9846633412354947E+01   5.5493464435546602E-01
         4         29   3.2608947027909309E-05   2.2012689141292388E-01   3.9034492941010281E-02   4.1196624560677089E-02
         4         30   1.4841544658243967E+01   2.0176027847611994E+01   1.5317139560543721E+01   4.4123328910979931E-01
         4         31   1.3294955257130311E-08   1.7853424107757099E-01   1.1189649200753998E-02   2.3346171628711523E-02
         4         32   9.1483303185865985E+00   1.2580281180626997E+01   9.5383061729485874E+00   3.2956976350948330E-01
         4         33   1.7135886624638630E+01   2.4143548495807561E+01   1.7628097321680588E+01   5.2422920181954136E-01
         4         34   1.6563947277573189E-05   1.3747278681335540E-01   2.4017878092089492E-02   2.5898400387549654E-02
         4         35   1.0743757599389516E+01   1.4770524716486339E+01   1.1030210797936235E+01   3.0643402606124165E-01
         4         36   7.5544237228638156E-01   1.4233567669786831E+00   8.6131342612192197E-01   9.7683755972656230E-02
         4         37   8.4820868195903039E+00   1.2037892416173134E+01   8.6393691749964940E+00   2.4106194422888627E-01
         4         38   1.8945934674410793E-09   5.1309227905425497E-02   3.1052344804660039E-03   6.6658919001306820E-03
         4         39   4.0449740232959686E+00   5.6851514089373296E+00   4.1593767559257007E+00   1.2904665921491115E-01
         4         40   3.3588296415445018E-01   6.4198962373549584E-01   3.7003843437839068E-01   3.6781776825627201E-02
         4         41   4.8680340991350493E+00   7.3992771151875942E+00   4.9433615109294040E+00   1.6491741866497964E-01
         4         42   4.8700308698901019E-04   5.6973393493325628E-02   1.1640978804152000E-02   1.1582981767580625E-02
         4         43   3.1203350009036259E+00   4.6159190086392696E+00   3.1679892456011753E+00   9.8582624634114782E-02
         4         44   8.2477379911700531E-05   1.4021179762177337E-02   2.2481786327710604E-03   2.5413622777885020E-03
         4         45   1.2831399353173867E+00   2.1128535199019334E+00   1.2973017038723884E+00   5.3166374196947731E-02
         4         46   1.5029978472380448E-07   4.0429799630900794E-03   7.0424631618163096E-04   8.6885568586647947E-04
         4         47   1.8264580342143532E-11   2.6032552114249141E-03   1.5948965892444877E-04   3.5158231162450731E-04
         4         48   6.1754884268560550E-01   9.8222931447811779E-01   6.2678788502465776E-01   2.3788315892173017E-02
         4         49   1.7205898063012696E-02   3.9212618154322150E-02   1.7891049685486646E-02   1.5260169772293322E-03
         4         50   6.7759931465270186E-09   4.2910632064286882E-04   5.7233663020115555E-05   7.8673928566581235E-05
         4         51   1.7675942126040936E-01   3.3917311348442214E-01   1.7866740687667729E-01   1.0403007415946696E-02
         4         52   1.0891683631977665E-01   2.0266126268529056E-01   1.1020973326017543E-01   6.0259904050192301E-03
         4         53   1.1672563670309911E-03   3.4304703066806476E-03   1.1976671406911678E-03   1.4427386898249956E-04
         4         54   2.8446345583815962E-07   6.2194034632198443E-05   5.0817945175768791E-06   8.3307155540147155E-06
         4         55   7.8060808073158594E-11   1.5361613505159924E-05   1.3470263354333259E-06   2.2590013358755777E-06
         4         56   5.2073511818116280E-16   3.0393713576918669E-06   1.9435979581314160E-07   4.1059767220316674E-07
         4         57   7.5270424945077423E-03   1.8527265967699696E-02   7.6244214113650359E-03   7.0317201047172978E-04
         4         58   1.8818805955435953E-05   8.8588990505216733E-05   1.9333474266404042E-05   4.4627248189662669E-06
         4         59   3.8837180285061954E-09   4.4183884873369205E-07   2.3878949130893893E-08   4.7625378814778236E-08
         4         60   1.5324302397148817E-13   1.0288091846136764E-07   5.0903620371903175E-09   1.1734885035939790E-08
         4         61   1.9772947053951740E-04   8.1563132774079884E-04   2.0193805411486258E-04   3.9358562176767274E-05
         4         62   2.4822607179933872E-19   1.0894051075247346E-08   5.2610350072088020E-10   1.2088033843109886E-09
         4         63   3.1838740848153077E-08   3.3916305914256878E-07   3.3533906378239318E-08   1.9575309160628100E-08
         4         64   6.4311663658682599E-12   2.9246708233704465E-10   1.2250918425428824E-11   2.1193496291807327E-11
         4         65   8.3532327303978701E-17   5.2385829380536475E-11   1.2509895866898385E-12   4.3577849450927495E-12
         4         66   9.5018105010117737E-24   3.7860261086730501E-12   9.5288088364380349E-14   3.3156254874785253E-13
         4         67   2.0644864627739891E-07   1.8012213560437486E-06   2.1548266605169151E-07   1.0136076253057204E-07
         4         68   3.3588150165739516E-16   1.8864463384315308E-14   4.4418776900966040E-16   1.1958369929680249E-15
         4         69   3.9803800918673305E-21   4.9034501000299933E-16   5.2460254800558764E-18   3.0241008228724846E-17
         4         70   4.8115881328477712E-30   2.5324124114769835E-17   3.1647686332246514E-19   1.7255976276706800E-18
         4         71   7.9960428046566863E-23   3.8045211801457568E-20   2.3785435818580922E-22   2.4090190695275220E-21
         4         72   9.4561525085993580E-28   1.1976178997059104E-23   5.2303340273448570E-26   5.2079275990151563E-25
         4         73   1.3339518295018480E-37   3.4107110509955099E-25   2.1295427174331985E-27   1.8116824787251274E-26
         4         74   5.4215257415052980E-38   1.1363804818046734E-33   4.7272265267871546E-36   7.1851246340893057E-35
         4         75   7.6002552267528434E-48   4.1410720847203758E-37   1.2056199653408981E-39   1.7787975840319931E-38
         4         76   8.5040684798236668E+01   1.3304924326169260E+03   6.0170679099836332E+02   2.0606272915089559E+02
         4         77   6.9551772728834862E+02   3.4722111300395754E+03   1.9706934998025170E+03   4.9114934770663325E+02
         4         78   3.5864768987911861E+00   2.6042420628088377E+02   1.1539916079351448E+02   4.6549891193557016E+01
         4         79   5.3562884058516750E+02   2.0423700418688854E+03   1.2810990258002280E+03   2.7179653943964308E+02
         4         80   5.1478235543582651E-01   1.0895557945385748E+02   4.7067673126844362E+01   2.2884630484946342E+01
         4         81   4.1597923080935504E+02   1.3835664403650621E+03   9.2530725781314027E+02   1.7219971022227705E+02
         4         82   3.8923728441106135E-02   6.4066756037115056E+01   2.0285759377530749E+01   1.3078895644120486E+01
         4         83   2.9179063949147292E+02   8.8015601104969801E+02   6.1980251264711831E+02   9.9685771705259342E+01
         4         84   5.2775891812477960E+02   2.5399806027998670E+03   1.4355325862720697E+03   3.5027094253350765E+02
         4         85   2.2666972641852260E+02   6.6804261944008658E+02   4.6656846153879036E+02   7.3773409320367705E+01
         4         86   3.8215759002783450E+01   5.7812914415746036E+02   2.5357096671265279E+02   8.7647779195820689E+01
         4         87   1.0470411522922980E+00   1.1283567732411900E+02   4.7994197846040223E+01   2.0229505970532873E+01
         4         88   2.2738799871986672E+02   6.8951061196075784E+02   4.5717487218335322E+02   7.9735145305921378E+01
         4         89   8.8999430029579295E-03   3.1335563991283404E+01   8.3466585587508888E+00   5.9930600350319310E+00
         4         90   2.3060240422272514E+02   8.5736372688955828E+02   4.9582945531401293E+02   1.0683221155910513E+02
         4         91   1.8397121815798931E+02   5.4211929486885754E+02   3.4575368942099709E+02   6.2272470653302463E+01
         4         92   3.6648415480229568E-02   2.4266378139296545E+01   9.1834100082987984E+00   5.1075191737241568E+00
         4         93   2.3526187686524732E-03   1.7187931074832022E+01   3.8912581076023587E+00   3.0705943020047708E+00
         4         94   1.1707931284483593E+01   1.0771451953537797E+02   4.7524138448065969E+01   1.5653717570442137E+01
         4         95   1.2871465593000445E-01   2.0773027507949820E+01   8.1321877442829962E+00   3.7256456538736371E+00
         4         96   8.3071990940002308E+01   1.7567166984395840E+02   1.2568633028186372E+02   1.6963153501079791E+01
         4         97   5.7290403571309191E+01   1.1673148104959138E+02   8.6153659174500902E+01   1.0800026247122515E+01
         4         98   6.4781058740809186E+01   1.2475577938039059E+02   8.7636426318884347E+01   1.0759201430877829E+01
         4         99   3.9219815285670492E-02   5.4628655269071045E+00   2.0670522915132397E+00   1.0132240076469619E+00
         4        100   5.2256414001492125E+01   8.7744917071636820E+01   6.6805067514720463E+01   6.7333928562603855E+00
         4        101   8.1178840109880025E-04   2.8043776435733125E+00   7.9634913449061395E-01   5.3557322960732734E-01
         4        102   1.9999437744184613E-05   2.2036992424090496E+00   3.1746480183957476E-01   3.4111803221546105E-01
         4        103   2.7471273180846282E+01   4.4248979815757231E+01   3.5053236814209825E+01   3.2659703413289711E+00
         4        104   2.0629797148331672E+00   5.9431886074887110E+00   3.4222416418273935E+00   7.2790248494856058E-01
         4        105   2.6126043500990487E+01   3.8739840341993471E+01   2.9543668780207032E+01   1.8663529549097375E+00
         4        106   9.4556525392809898E-03   1.0100706657310778E+00   3.6025980335107866E-01   2.0106294561990568E-01
         4        107   9.7131862445236784E-05   5.3492421801572465E-01   1.3394784140506166E-01   1.0443195504659354E-01
         4        108   1.6561817420558445E+01   2.3600486623945283E+01   1.8315730881717261E+01   9.4874226745339529E-01
         4        109   4.8090069192310137E-07   4.3090909912893921E-01   4.9548894500589739E-02   6.7081445185325425E-02
         4        110   1.0686923568357749E+01   1.5571748839706304E+01   1.1988410060545538E+01   6.8374537094588406E-01
         4        111   5.6211960854373300E-01   1.1289716922727919E+00   6.9657278237998066E-01   9.3615394028874394E-02
         4        112   7.8010598418804937E+00   1.1373854362568570E+01   8.1111347068402857E+00   2.7385687292055338E-01
         4        113   1.3518552314185149E-03   1.3886477078632917E-01   4.2077768583931106E-02   3.0333634351116055E-02
         4        114   7.4263361119692350E-06   7.6929249946064981E-02   1.5086814660880505E-02   1.4338753633676723E-02
         4        115   4.9860436432094515E+00   7.0931590803836402E+00   5.1674582934518805E+00   1.6256921026306920E-01
         4        116   8.4300938676900674E-09   6.4656349339158412E-02   4.9479265544247310E-03   8.7382786826418497E-03
         4        117   3.1194244240314060E+00   4.4607737599215094E+00   3.2659674457915830E+00   1.1794606970920854E-01
         4        118   9.5348307626558659E-02   1.8944365624958800E-01   1.0389261532652286E-01   9.5530726689428448E-03
         4        119   1.4400914121508250E+00   2.3358431217361537E+00   1.4611317846681555E+00   5.7642091074135669E-02
         4        120   2.2454681257931713E-07   5.7728793812961490E-03   9.9590295753725403E-04   1.1329639815063175E-03
         4        121   9.3227273419955048E-01   1.4723580437235753E+00   9.4600068617393052E-01   3.5022438091226897E-02
         4        122   7.2245265538255197E-11   4.4892959500127203E-03   2.7279514960621288E-04   5.7809256849501560E-04
         4        123   5.7563748531893810E-01   8.9492975487769288E-01   5.8675302921015349E-01   2.1415924399733579E-02
         4        124   7.4735869196560492E-03   1.7584163604858268E-02   7.7607963485987648E-03   6.8405158616579459E-04
         4        125   1.1812454986022637E-01   2.4330624320225208E-01   1.1949982118500202E-01   8.0041275929348416E-03
         4        126   1.1192579324804011E-13   8.1445344534830614E-05   5.0777357554107169E-06   1.1277501144019970E-05
         4        127   1.7927538703926460E-17   2.5606022819673400E-07   1.5891211409995728E-08   3.4078511073973813E-08
         4        128   7.3545879205480516E-22   1.1641356120003045E-10   3.9657553631620090E-12   1.0830869687837825E-11
