################################################################################
# Symmetry function scaling data.
################################################################################
# Col  Name     Description
################################################################################
# 1    e_index  Element index.
# 2    sf_index Symmetry function index.
# 3    sf_min   Symmetry function minimum.
# 4    sf_max   Symmetry function maximum.
# 5    sf_mean  Symmetry function mean.
# 6    sf_sigma Symmetry function sigma.
#########################################################################################################################
#        1          2                        3                        4                        5                        6
#  e_index   sf_index                   sf_min                   sf_max                  sf_mean                 sf_sigma
#########################################################################################################################
         1          1   9.5016017664238728E+00   1.9855725550110378E+01   1.4250438697721870E+01   2.0992612425945896E+00
         1          2   1.2817076094744573E+00   8.9610217141939419E+00   4.8022999656888281E+00   1.1742110314718079E+00
         1          3   4.5512978393538743E+00   1.2657238042932981E+01   7.7896248933333521E+00   1.2341618997881552E+00
         1          4   1.3042501095803098E+00   3.8396484140735305E+00   1.8416838525177608E+00   2.7044717777935146E-01
         1          5   1.6927042937855576E-22   5.3799047638610178E-15   6.2215034547317731E-16   1.0930208136509926E-15
         1          6   3.8175775639876629E-42   1.7316338102800124E-29   1.1419647744374168E-30   2.5039318158385630E-30
         1          7   2.6815166561740675E+01   7.2135383792462235E+01   5.3004704932509064E+01   5.2741049618120890E+00
         1          8   3.5173759284266666E+00   6.4332043214501562E+00   4.4603517195294575E+00   9.9999958077235052E-01
         1          9   7.4885318027639665E+00   2.4113513062737756E+01   1.7190929533820459E+01   1.9238310094693531E+00
         1         10   1.3415684947167168E+01   4.4067937619757188E+01   3.0321911651655061E+01   3.9500675255089224E+00
         1         11   9.9186351550606382E+00   4.7844658525926398E+01   3.1611206900071974E+01   5.4985132024497583E+00
         1         12   7.9337839838571442E+00   4.4183664447065695E+01   2.3395136448850010E+01   5.6913889894677201E+00
         1         13   3.1314778469859674E+00   1.1618884299288272E+01   5.0241394371229093E+00   2.4859607903068501E+00
         1         14   4.8955998662391185E+00   5.5785343293341016E+00   5.3453384613463504E+00   1.6236850358942551E-01
         1         15   2.4160698530521662E-11   5.5081213156231261E-07   9.6562979027227536E-08   1.4864759739270286E-07
         1         16   7.5238522716905933E+01   1.6261522839071719E+02   1.2845535759233346E+02   9.5648004658492010E+00
         1         17   1.5666956340102367E+01   4.8536725991665655E+01   3.8022208593586143E+01   3.3900214075152868E+00
         1         18   2.7012030481145750E+01   9.0935079709318970E+01   6.6004087245480108E+01   6.6310614066565616E+00
         1         19   3.3194546477651521E+01   1.0209205006197003E+02   7.3853824358740312E+01   7.6937291509845895E+00
         1         20   2.3936294299398735E+01   8.9473732962992514E+01   6.1087723801964486E+01   8.6362716594291751E+00
         1         21   1.0979268422707344E+01   6.7176941478232976E+01   3.8808078586349062E+01   8.2023099782268876E+00
         1         22   1.1383436472162346E+01   4.4449950492762532E+01   2.2700552564631064E+01   4.9923553777435270E+00
         1         23   6.5866130304792563E+00   1.8914469617176870E+01   9.9006858814744625E+00   2.5529392765361449E+00
         1         24   1.5580089181928765E+00   7.7231029156841462E+00   2.3143728167712814E+00   1.2518917790732651E+00
         1         25   3.1504381822540295E+00   4.4235231351684527E+00   4.0436498221594874E+00   4.6788944171980257E-01
         1         26   3.0231903789935182E-03   1.7179629215314829E-01   4.6924125873111851E-02   6.2369953908232433E-02
         1         27   3.1351111607556361E+00   1.5165235443529543E+01   6.3772574961455204E+00   2.8350174476664098E+00
         1         28   2.7039455551702439E+01   4.5310661825948394E+01   3.3699749392259790E+01   3.2678059696024571E+00
         1         29   2.8159208098202854E-02   7.6488760085102161E+00   1.1315706455454357E+00   1.6914375607880208E+00
         1         30   1.9643800220702072E+01   3.0288886953641743E+01   2.3496805073074299E+01   1.8776193443125104E+00
         1         31   4.3053963885346104E-04   6.8688168014405173E+00   7.9824383039288804E-01   1.4570575618979165E+00
         1         32   1.1912927875316864E+01   2.0515777830857971E+01   1.5739938012307860E+01   1.4571261822442958E+00
         1         33   1.7327986374705986E-06   6.5210738664215748E+00   5.8217890301242026E-01   1.2325284862982895E+00
         1         34   4.8144178758542981E+00   1.0508582948430430E+01   7.7896491428365584E+00   1.0633939719367462E+00
         1         35   1.4793301274426124E+01   2.0972877156719310E+01   1.7085300047591176E+01   1.1486479043852695E+00
         1         36   3.4420842390434783E+00   7.3065833134700613E+00   5.5598878913857206E+00   7.6677442368806448E-01
         1         37   1.3997151115786477E+00   5.7803183254686701E+00   2.4618702136044059E+00   1.0789163389523511E+00
         1         38   1.2931733722283267E+01   1.9424376340046230E+01   1.5057408551943544E+01   1.2866914704176411E+00
         1         39   7.6567042992364918E-03   2.8634083160206325E+00   3.5733002844023115E-01   5.7909202284061190E-01
         1         40   5.7206841441197227E+00   8.4505898660663696E+00   7.1174930815038451E+00   4.8140890188790664E-01
         1         41   2.0816758855029481E-07   2.4086549526452328E+00   1.9305358180399226E-01   4.2612566664779511E-01
         1         42   4.9081721635175874E+00   6.5230829020891674E+00   5.3722405905711108E+00   2.7990973719724432E-01
         1         43   1.0536165763701504E+00   2.0306864318154565E+00   1.6539145833761650E+00   2.2392621063770171E-01
         1         44   2.3091964660465358E-01   7.8858918534473099E-01   3.5911861622396474E-01   1.5829574503798707E-01
         1         45   4.8598751241424830E-04   2.8242564531180109E-01   2.5112830569986373E-02   4.6136619120382805E-02
         1         46   3.5660205646384721E-06   2.5685917219637106E-01   1.8919517527656499E-02   4.0382952538568537E-02
         1         47   1.1876520368936025E+00   1.5773622390061945E+00   1.3013375078817782E+00   4.5975508735491791E-02
         1         48   4.5811686268156501E-02   1.5599507167202703E-01   7.6449731145575642E-02   3.9031806635165402E-02
         1         49   2.5106200995670191E-01   4.0402766670512946E-01   2.9461880078426916E-01   3.7213359604352791E-02
         1         50   2.4315514233517176E-11   2.5435870033089770E-02   1.3022252049489909E-03   3.2823524980012727E-03
         1         51   9.9580377289876856E-02   1.5832823027839210E-01   1.2895876900963457E-01   6.5938548081701989E-03
         1         52   4.0113131900279767E-03   2.0377147183891858E-02   8.4697447661277771E-03   5.7533804168537171E-03
         1         53   2.9161868411059284E-06   1.1863800442123125E-03   6.4356569309626560E-05   1.2622929710280828E-04
         1         54   2.5321832840174987E-09   1.0684513873552770E-03   4.1739843923022808E-05   1.0560024934577236E-04
         1         55   1.0854476064499595E-02   2.1044350354413852E-02   1.3510929286484700E-02   1.9854812734075417E-03
         1         56   1.0472452103997734E-03   6.9841060059948161E-03   2.5962686693345727E-03   1.9729256566534455E-03
         1         57   6.1961287919698491E-08   7.9166208754535736E-06   7.1003362358116770E-07   9.7726405746387495E-07
         1         58   8.2428920692201258E-12   6.2471132426803735E-06   1.4567480651820448E-07   4.3315121866181724E-07
         1         59   1.7592207559483852E-16   5.3373090704902506E-06   1.1497076683008501E-07   3.6828894012281950E-07
         1         60   2.7280522175159423E-04   1.0107214692963802E-03   4.5774243898368309E-04   2.0453054077695601E-04
         1         61   1.9989325236897447E-10   2.2986880038586504E-08   4.4170715728223660E-09   6.0925083174071706E-09
         1         62   1.0481935692712115E-14   2.1834239510143806E-09   2.6311724520347668E-11   1.0012172270005289E-10
         1         63   9.4163473284243156E-21   1.8638798273842517E-09   2.0206343163995600E-11   8.4848748346510725E-11
         1         64   4.6939878307435254E-11   7.6530755646883479E-09   1.4995173341466604E-09   2.1052298220527213E-09
         1         65   2.9702366924980374E-14   1.7025477121913706E-11   2.8214489668752984E-12   4.1607729237235475E-12
         1         66   1.5059162006034645E-18   1.1112404041017644E-14   7.2670854534651474E-16   1.1418341297509275E-15
         1         67   5.8357312007756322E-27   8.5051007460398788E-15   3.8748154013214855E-17   2.5668715260870844E-16
         1         68   1.3010834945820610E-10   7.7151132742387681E-09   1.5368092827016896E-09   1.9854255527020405E-09
         1         69   3.4516056994934795E-20   2.5293257726106831E-16   3.4167737474509627E-17   5.3282906763846411E-17
         1         70   4.4303249667940812E-16   5.9446978328306592E-13   8.4653308328768468E-14   1.2737641557653497E-13
         1         71   1.8140035384847965E-24   8.2137777887038356E-20   8.2983042238734502E-21   1.3684393690305244E-20
         1         72   4.7673742992543948E-33   4.6511269181622504E-23   8.1996143097005933E-26   1.0141892813368529E-24
         1         73   3.6348097002028947E-26   4.7416482267752050E-21   4.5696001790574325E-22   7.5632714864554712E-22
         1         74   1.2479936854903754E-33   2.7381590410863294E-27   2.1570928281098998E-28   3.8992032367537413E-28
         1         75   3.1875285370400638E-42   3.0843483744189484E-34   1.3632796395638067E-35   2.9639842983187870E-35
         1         76   1.0034321498383640E-25   4.7793872251597643E-21   4.4164305639620057E-22   7.2271212484372604E-22
         1         77   2.4409682687834641E+02   2.0188929203752637E+03   1.1047759976314928E+03   2.2225998545292074E+02
         1         78   1.1953428087326170E+03   4.8026699379255233E+03   2.8665007654246228E+03   4.3317362907617644E+02
         1         79   4.0695925034554755E+01   4.3778881506136111E+02   2.4322281944963817E+02   6.5952021364177128E+01
         1         80   8.2929780268008949E+02   2.6716076643077108E+03   1.6835962381061358E+03   2.1957527812455743E+02
         1         81   1.0865112326579160E+01   2.3019510049787985E+02   1.1355963221732222E+02   4.1854275748995754E+01
         1         82   5.8345998913792869E+02   1.6924348431899170E+03   1.1167421139803873E+03   1.2783829820955339E+02
         1         83   1.2246782467727952E+00   1.4244938387585722E+02   5.7254760830950659E+01   2.9842268298755560E+01
         1         84   3.8255123691370528E+02   9.8592082867108263E+02   6.7898272216278428E+02   6.7436156934553850E+01
         1         85   2.8416369225495224E+01   3.2337415135757698E+02   1.7814322152283867E+02   5.2427095820386732E+01
         1         86   7.9365528792289597E-01   1.1641269331710878E+02   4.3318623967655924E+01   2.5239526617385543E+01
         1         87   1.0273676526232104E+02   9.4219513988456197E+02   4.9654159079228600E+02   1.1118858197219684E+02
         1         88   4.0037120458109763E+02   1.2962968340679222E+03   8.0257481096371373E+02   1.0659579164299038E+02
         1         89   3.7019918670662064E+00   1.2922895111737486E+02   5.5334053822736450E+01   2.6593818668672650E+01
         1         90   2.9560904996645706E+02   8.2960671720184769E+02   5.4361607548234485E+02   6.2250680282312480E+01
         1         91   1.9796806886418966E+02   4.8718935986250278E+02   3.3592367083540330E+02   3.2735251200173302E+01
         1         92   3.1171385681107307E+02   1.2625510104508883E+03   7.1916347992477631E+02   1.1632125751334652E+02
         1         93   7.6923542043210258E+00   1.2930357747078276E+02   6.0794242649365266E+01   2.4862142768622004E+01
         1         94   1.4847644749013489E+00   8.3152036212121700E+01   3.0778299983778304E+01   1.8430700582952916E+01
         1         95   1.6297405962117584E-01   6.2063974701840422E+01   1.6834692604686452E+01   1.4171278573189314E+01
         1         96   1.1307022019888092E+02   2.7545867081195388E+02   1.8970021688432297E+02   1.8706907896131142E+01
         1         97   2.3016999828728366E+01   2.1366782058154556E+02   1.0776853458473572E+02   3.0553506234642686E+01
         1         98   1.1480642245702887E+02   3.3134466561759496E+02   2.0672412788777615E+02   2.7858191081043806E+01
         1         99   8.5889773035551372E+01   2.1702483272042249E+02   1.4400235133488189E+02   1.6988186746540674E+01
         1        100   4.1642057155131071E-02   3.9140909983918078E+01   8.1725634378374163E+00   8.8096858537659948E+00
         1        101   9.1860809549987881E+00   7.6884501901844388E+01   3.5817178254961590E+01   1.2316485683058847E+01
         1        102   6.9488015862208087E+01   2.0343487778659514E+02   1.2290431220387595E+02   1.8439030359491142E+01
         1        103   5.9811929484363768E-01   2.9234510780779686E+01   8.8596408184296234E+00   6.7209353231985913E+00
         1        104   5.2043613984439595E+01   1.2421770835242434E+02   8.1573701676185834E+01   1.0260923569653778E+01
         1        105   7.7564089706435316E-02   2.4055540155747067E+01   5.1862994056276523E+00   5.5027787534949395E+00
         1        106   2.1338078978519000E+01   4.8766855824993300E+01   3.4018415145226236E+01   3.7559860069709448E+00
         1        107   3.3685353846777852E+00   2.2289621412029209E+01   9.5604898917141341E+00   3.9975449267452023E+00
         1        108   2.8302932781931883E+01   5.9210319502837216E+01   4.0477179741521660E+01   4.8390222502522864E+00
         1        109   9.4352481030686136E-02   1.0199652339522832E+01   2.2364893534108852E+00   2.3828384272661833E+00
         1        110   1.4009890045529863E+01   2.6723976814531810E+01   1.9240092977748429E+01   1.9299116337397768E+00
         1        111   8.0759291187411473E-04   8.2540676873609407E+00   9.7413387911138660E-01   1.6751442014255040E+00
         1        112   6.7556361976166910E+00   1.4669337718935358E+01   1.0603950981126239E+01   1.2515261978312375E+00
         1        113   1.0214026825387390E+00   4.8398293748554808E+00   2.0548923656465004E+00   9.4194573519831271E-01
         1        114   9.4669838362119698E+00   1.5038074779236720E+01   1.1439142811431593E+01   1.0453830162239643E+00
         1        115   7.0891801158494765E+00   9.8815687099676435E+00   8.0985411711904103E+00   4.7651146030154173E-01
         1        116   3.4979071006486476E-04   2.2177988592901565E+00   2.6705440254430701E-01   4.6026007836591332E-01
         1        117   4.3772042047712931E+00   6.6045527972792311E+00   5.4632835540770994E+00   3.7564503751244499E-01
         1        118   2.7130219020350212E-05   2.0856092115725726E+00   1.9238731095123610E-01   3.8874981206009679E-01
         1        119   1.7666801322585335E+00   3.4850490286073672E+00   2.7118379325690500E+00   3.4389223851597372E-01
         1        120   2.1188008499072469E-01   7.7016330756697415E-01   3.3674118530544062E-01   1.5350895207267404E-01
         1        121   1.5549874667211854E+00   2.2078423722338889E+00   1.7444869013332855E+00   1.4887842579603111E-01
         1        122   1.0383961670766217E+00   1.3834203240963834E+00   1.1550896440014453E+00   3.6488277807712972E-02
         1        123   3.5299746343032773E-01   6.2508148284252518E-01   5.2865547010885783E-01   6.0481549119147632E-02
         1        124   2.3074038351517867E-05   1.4467433075150537E-02   1.0088060532353377E-03   1.9780094678888915E-03
         1        125   8.6123758695758758E-11   1.1251573946532638E-02   5.8938555191860966E-04   1.4747947734922685E-03
         1        126   4.7601534885937248E-02   7.5958408157881727E-02   5.9334419754656961E-02   2.6005353317806817E-03
         1        127   9.2325136847046473E-15   9.6141097621375691E-05   3.0152600330597009E-06   8.5998600223022633E-06
         1        128   6.6790124754854231E-19   6.1508868238241314E-08   9.6684519026035086E-10   3.4713810082325369E-09
         2          1   1.2822206968269153E+01   2.1200782461246533E+01   1.6149458901507320E+01   1.9455709800921710E+00
         2          2   1.9925763072740483E+00   6.8255873649589613E+00   3.4446895316021213E+00   8.2529959679602694E-01
         2          3   4.7383057684109238E+00   1.2658176700838208E+01   6.8169215636922091E+00   1.6366609353924935E+00
         2          4   3.1881364476466466E-02   4.0916479940079409E-02   3.8122218132280346E-02   2.0960970481436339E-03
         2          5   4.6653375073742831E+00   1.0028359174159304E+01   6.1917004480997742E+00   9.9849210324671767E-01
         2          6   4.8490929187848293E+00   8.1429193802455302E+00   5.9594976435473033E+00   1.3658110520610496E+00
         2          7   4.4705230874157285E-47   8.6206939133934075E-23   3.1940334780470832E-23   2.3347734015058014E-23
         2          8   5.4125432322003259E-83   4.1684492495500140E-42   1.0474048071166539E-42   8.1152592726963450E-43
         2          9   3.3908080030607131E+01   6.5404469073122641E+01   4.9824770431734137E+01   3.9865325767338375E+00
         2         10   7.5018434370808587E+00   2.2697514979799493E+01   1.6708777559960858E+01   1.8799078574558619E+00
         2         11   1.1456930738576782E+01   3.9446220673784893E+01   2.6794225313339233E+01   3.8388359580112241E+00
         2         12   9.4270494831103147E+00   3.8455151049686783E+01   2.3300067372779210E+01   4.1411750332511010E+00
         2         13   1.1813311336390699E+01   3.5328906288589700E+01   1.8367612652333548E+01   4.2755851152802293E+00
         2         14   1.1274587707572191E+01   1.8313262388482176E+01   1.3612194127325351E+01   3.2581905416817589E+00
         2         15   4.7161019624850997E+00   8.2688190696599921E+00   6.0493998281427634E+00   1.2679794393545707E+00
         2         16   9.8240938970432880E-13   1.8289551598143338E-05   1.0143966026755015E-05   7.1960391955648763E-06
         2         17   8.1116771589550169E+01   1.5158006945185272E+02   1.2255347330274371E+02   8.2462069033753735E+00
         2         18   5.9781935149003402E+01   1.0921791602237499E+02   8.7631003764885776E+01   6.0525067217165240E+00
         2         19   1.6554350385619223E+01   5.0158211731091235E+01   3.9586431329665899E+01   3.3911995915839070E+00
         2         20   2.8689271918548357E+01   8.5164682016107619E+01   6.7821604370474518E+01   6.0029990573433958E+00
         2         21   3.2775577576652609E+01   9.6415891634704721E+01   7.1942635915463541E+01   7.4727869081573361E+00
         2         22   1.8528026676627636E+01   7.6921237063028343E+01   5.0768594348029012E+01   7.8098673928197204E+00
         2         23   1.4451041916316946E+01   5.2192190718426183E+01   2.7933297545875856E+01   5.7515036733422535E+00
         2         24   1.3752068671345533E+01   3.4351086273262013E+01   1.9335305041513248E+01   4.5046934380216541E+00
         2         25   6.5776104404642641E+00   1.0852966496395547E+01   8.3435546632314210E+00   1.0798986953158145E+00
         2         26   1.1654134976699766E+00   1.6402505449407920E+00   1.4869459187744671E+00   8.9940697795624275E-02
         2         27   1.1772756054477622E+01   2.7620617713813271E+01   1.6882544269147786E+01   5.7614372093385011E+00
         2         28   2.5418396002778632E+01   4.6944372641019811E+01   3.4645727171158832E+01   5.0220758486851702E+00
         2         29   3.6709735324924346E+00   9.2823219973789168E+00   5.4994073235085743E+00   2.4245396327677731E+00
         2         30   1.0278295810092148E+00   2.8939822565737350E+00   1.7187423684842822E+00   7.7034289702641612E-01
         2         31   1.2220186792756012E+01   2.3303835631578142E+01   1.6619375659847702E+01   2.9731068189738092E+00
         2         32   1.1042878554060451E-01   3.4643743504648711E-01   2.0458463282268152E-01   8.7937264035726312E-02
         2         33   6.9924367641977572E+00   1.3259851442447504E+01   9.6132342698064068E+00   1.6725532809883539E+00
         2         34   1.7652074502120072E+01   3.2105662156405579E+01   2.4113385374067963E+01   3.4598438407547905E+00
         2         35   1.1766949980982085E+01   2.2330120704529499E+01   1.5964199081895103E+01   2.7666922596422694E+00
         2         36   5.1128136247408174E+00   9.4880895910575376E+00   7.0090970453649568E+00   1.1348964999762494E+00
         2         37   2.1879663770537809E+00   4.7905220274587554E+00   3.1001284941817304E+00   1.0302935388356242E+00
         2         38   4.5208856888385140E+00   7.8458040496817709E+00   6.2243259303225473E+00   8.7353193546788988E-01
         2         39   3.0940606246497819E+00   5.6343761806320112E+00   4.2471935953171931E+00   6.3353398341849565E-01
         2         40   2.1377761400718368E-01   5.5318905232387061E-01   3.4159068036031859E-01   1.3439471738498537E-01
         2         41   1.9418991121177502E-02   5.8357794312561106E-02   3.5385462213810080E-02   1.4086352613807905E-02
         2         42   1.3648084487981784E+00   2.4220256110068803E+00   1.8899134627179692E+00   2.5890123552354538E-01
         2         43   1.3607438784823584E+00   2.2350761060320874E+00   1.8753107541910228E+00   2.8118530846158946E-01
         2         44   4.2673595068332754E-01   7.0389511015111617E-01   5.9183485976700689E-01   7.9849966664356425E-02
         2         45   1.1643751870656212E-01   2.1683200704689354E-01   1.5352906568827251E-01   3.5513844088804515E-02
         2         46   2.2608224771129964E-01   4.2753930685251940E-01   3.1893758365722863E-01   6.7146144033569610E-02
         2         47   1.2251099314495772E-01   2.3281393213875046E-01   1.7403672918287527E-01   3.7399281052351546E-02
         2         48   1.1687337437428277E-03   2.5311173976322789E-03   1.7723380541772109E-03   4.1370321722755026E-04
         2         49   7.4927314987144722E-02   1.4295518294556575E-01   1.0497161532818193E-01   2.3493691654305770E-02
         2         50   3.2464988065000803E-03   4.4974246393732547E-03   3.8012774747643585E-03   2.3183674243648178E-04
         2         51   1.0845669765474443E-02   3.1399391302841660E-02   1.7403740752778535E-02   7.8686299751305980E-03
         2         52   9.7896369942453263E-04   1.4113123988155425E-03   1.1993762139503616E-03   6.7759317872221329E-05
         2         53   8.9162810541935420E-05   1.4045980174227292E-04   1.2007355341799683E-04   6.1500696849668478E-06
         2         54   1.4607556386192478E-04   2.3116665546682016E-04   1.9732460496353751E-04   1.3503590373822612E-05
         2         55   5.1842045529721245E-05   6.0019520858620569E-04   2.2612260542269271E-04   1.9418889227460799E-04
         2         56   4.0351427515665709E-07   9.5184345545862093E-07   6.4749389350357763E-07   7.0075698667998493E-08
         2         57   3.2977742605226696E-08   3.0882869347170478E-07   1.8658805066213677E-07   1.0159320650969036E-07
         2         58   1.0060939142682183E-09   9.1706665851207342E-09   6.0238875273264281E-09   3.3194368161194234E-09
         2         59   6.9221509002445178E-11   6.3491967491943883E-10   1.8509494126831292E-10   1.2945908498141032E-10
         2         60   2.3116369140931105E-12   8.2063285883074576E-09   1.6036476645239807E-09   2.2548507885523884E-09
         2         61   8.6918105430534245E-13   3.9021181998675357E-09   7.7492087798249753E-10   1.0832452116895153E-09
         2         62   7.9699915250995014E-17   1.0065616257756235E-14   1.5073802202292280E-15   2.1017006025644414E-15
         2         63   2.3223875710246054E-19   8.9467738252951836E-17   3.7753676542802292E-17   2.7273597094187696E-17
         2         64   9.5614720245960023E-21   2.7240676925267133E-17   1.1925147630149887E-17   8.7293768427539487E-18
         2         65   9.1594637698886480E-22   2.5333288575440972E-18   1.2108435080974246E-18   8.7383490720499420E-19
         2         66   4.5156750836431655E-20   6.1961524191774231E-14   9.0131243121674222E-15   1.3572764424628402E-14
         2         67   5.3065587946698375E-26   3.8817817081355895E-22   3.6494230811050165E-23   6.0315320216009941E-23
         2         68   2.4153194980641421E-27   1.0107349282472242E-25   4.0668990458576858E-26   1.8515140003651182E-26
         2         69   8.1500017779504978E-32   3.0735344951848909E-26   1.0485721651888834E-26   8.1562457917893645E-27
         2         70   4.7178685251446828E-33   2.8492912156097206E-27   1.0602780483617037E-27   8.0394512120723940E-28
         2         71   2.6050387534821770E-31   2.3889097883023821E-21   2.3018338146990702E-22   3.7662116560096840E-22
         2         72   4.5988662415103664E+02   1.7048023239566014E+03   1.0323283463371001E+03   1.6752763372355619E+02
         2         73   1.3332419654440532E+03   3.9860290513879818E+03   2.5223310702745143E+03   3.4185288147390827E+02
         2         74   8.7101179245363980E+01   3.9165171978054275E+02   2.3617366690759977E+02   5.1884025267013747E+01
         2         75   8.1226850401312083E+02   2.2136383717480567E+03   1.4499266921693202E+03   1.8124627772502311E+02
         2         76   3.2279484354642911E+01   1.8124428232266598E+02   1.0857664114199814E+02   3.0048999184683939E+01
         2         77   5.5037947576584395E+02   1.4022123991275773E+03   9.4474611075289647E+02   1.0899025535054665E+02
         2         78   1.2308662516761919E+01   9.4397679912974496E+01   5.3418949882275996E+01   1.8402045048288763E+01
         2         79   3.4106057709783192E+02   8.1200325207689013E+02   5.5695524640065594E+02   5.8547487745990423E+01
         2         80   3.4211420045442554E+02   1.2555916319591217E+03   7.5778112990786690E+02   1.2717912868964669E+02
         2         81   9.8161026263911197E+02   2.9294195234495014E+03   1.8283841392489071E+03   2.4885425430033254E+02
         2         82   6.8270529087168413E+01   2.9465901754419241E+02   1.7876867724314070E+02   4.1759824563000940E+01
         2         83   9.9461107691801747E+00   7.0939947356964382E+01   4.0650545663442315E+01   1.4561129971423517E+01
         2         84   2.5554352081407791E+02   5.9088025189003088E+02   4.1011175459921617E+02   4.2803281300974852E+01
         2         85   3.9934588014233412E+02   1.0540099809918222E+03   6.7465908610961924E+02   8.3138433601245694E+01
         2         86   1.9060055086667973E+01   9.2752209688247760E+01   5.6279184246374491E+01   1.7579407072454934E+01
         2         87   2.7893261982018760E+02   6.6097377781189834E+02   4.4668331264573339E+02   5.0201405474860039E+01
         2         88   1.3473296014318996E+02   4.7322019009816489E+02   2.7416101605868909E+02   5.3105244187324949E+01
         2         89   3.7154831705435782E+02   1.0436323802259003E+03   6.3139863912480291E+02   8.4736474276325026E+01
         2         90   3.1823627541517574E+01   1.2109123222844693E+02   7.1787220277621586E+01   2.0750231319025179E+01
         2         91   1.6772764647716852E+02   3.6969644733991083E+02   2.4888342020094657E+02   2.7112306407247758E+01
         2         92   4.6939103196362630E+00   2.5933533614921281E+01   1.5615411998889785E+01   6.0966520017126866E+00
         2         93   1.0290013710854048E+02   2.0971523465252804E+02   1.4904478958991265E+02   1.4890136545891476E+01
         2         94   7.0989871666204223E+01   2.3421626817845026E+02   1.3155681341671570E+02   2.9276832140065949E+01
         2         95   1.8622992022976977E+01   6.3179263248765203E+01   3.7023303537097391E+01   1.2351389933648294E+01
         2         96   1.2202918121582718E+02   2.7654284155236871E+02   1.7506245346397711E+02   2.0772673701272797E+01
         2         97   7.3027553247926589E+00   2.6730730847270546E+01   1.6531848886850621E+01   6.0092554245928174E+00
         2         98   5.4550338887531240E+01   9.8953821764858333E+01   7.1734101719535559E+01   6.8187935508389339E+00
         2         99   3.3142962981891763E+01   9.7742922643696232E+01   5.4751505947476254E+01   1.4560766206909131E+01
         2        100   8.2699682872944010E+01   1.8422907679469020E+02   1.1737947055456547E+02   1.4686942490754948E+01
         2        101   5.4242481294451238E+01   1.1130339969060560E+02   7.2374573449639215E+01   9.3459007855425931E+00
         2        102   3.5603937330917463E+00   1.0983184470757982E+01   6.7845499081994793E+00   2.6300088125754657E+00
         2        103   3.9588451873217529E+01   7.4183901580841805E+01   5.0817477933274837E+01   6.1280542249195546E+00
         2        104   8.9867172283532892E-01   3.7508462937894667E+00   2.4061917312288936E+00   9.3858338683661124E-01
         2        105   2.4705081996276519E+01   4.2068682519271619E+01   3.0169181933329376E+01   3.1328604878454649E+00
         2        106   2.9717031261431060E+01   5.8043283855983631E+01   4.0242693201843757E+01   5.2466126232222328E+00
         2        107   4.0503050504062248E+00   1.0602573043121970E+01   6.2307282044849677E+00   2.5943057119842199E+00
         2        108   1.9739506930731562E+01   3.7711514722455924E+01   2.5787620609626750E+01   3.9337974780846072E+00
         2        109   1.4495816046435834E+01   2.6404954809450743E+01   1.8636514770659289E+01   2.7823326186683088E+00
         2        110   2.3681221595829899E-01   8.4858177355570963E-01   5.5032856030436816E-01   2.0579509570982901E-01
         2        111   8.6941412737338659E+00   1.5139052607788768E+01   1.0953463825732094E+01   1.4847043386684016E+00
         2        112   3.6734092638053255E+00   8.4345591101372541E+00   5.2336481834925248E+00   1.7549457249510318E+00
         2        113   7.8433391405103414E+00   1.4019463305958151E+01   1.0610207516638832E+01   1.4503391517027993E+00
         2        114   3.6401729832536067E-01   9.5721524276272307E-01   5.8301788673198263E-01   2.4100845833477494E-01
         2        115   3.9401928074214059E+00   7.1507333345245536E+00   5.2625995532512597E+00   8.1874702225318008E-01
         2        116   4.4758651681633677E-02   1.3769776891783259E-01   8.6205523607710430E-02   3.2548186787429038E-02
         2        117   2.3184270101757130E+00   4.1252653877630099E+00   3.0919350695510057E+00   4.5058769609961907E-01
         2        118   1.2810357777928625E+00   2.1354763854335435E+00   1.7609713812606766E+00   2.5362330419945028E-01
         2        119   6.6762091586323813E-01   1.1562620985306478E+00   9.2458089218934147E-01   1.2612934750069429E-01
         2        120   6.2593609726573586E-03   1.6823294295557664E-02   1.0608531520136955E-02   3.7597006879220261E-03
         2        121   3.9800928733263391E-01   6.6997410127820911E-01   5.4928136902627811E-01   7.1465087970833105E-02
         2        122   6.8040215323794367E-02   1.3748651707933815E-01   9.8489194679085221E-02   2.3731685169870339E-02
         2        123   1.2981110437452923E-03   1.7369115653760429E-03   1.4705963173564883E-03   7.4521244837976309E-05
         2        124   4.1970901781888367E-04   5.9809507926928253E-04   5.3174835132361817E-04   3.5626234180176262E-05
         2        125   1.3140562260453102E-04   1.8705182951925212E-04   1.6807859632714099E-04   1.2038534086633432E-05
         2        126   1.3012989612176781E-05   1.8923403218083026E-05   1.6870375015607136E-05   1.3775862314627323E-06
         2        127   3.8937686746269818E-06   7.6491990785599004E-06   6.1378439573594689E-06   5.9222093759928815E-07
         2        128   4.1554617687268327E-06   8.1519591013147103E-05   2.5460072511004173E-05   2.5526841032244040E-05
         3          1   8.6238074418695199E+00   1.3482347947233045E+01   1.0651514494598398E+01   7.0686025846802414E-01
         3          2   2.2859457091267670E+00   7.5464010739313219E+00   4.3812786783859137E+00   8.2085783731131767E-01
         3          3   4.1486374687566743E+00   1.1037722888695471E+01   6.7551247722154404E+00   1.0038916699644933E+00
         3          4   3.6183002639333517E+00   5.8122892917921245E+00   4.4956540089634265E+00   3.2483655415606960E-01
         3          5   2.0236923166423333E+00   3.5325025423690395E+00   2.5261020835102661E+00   2.8536958964603920E-01
         3          6   4.5616324323106330E+00   5.0199484319552576E+00   4.7234341964521738E+00   7.7217198162269782E-02
         3          7   2.6470540102814000E+00   3.6027879345999771E+00   3.0993668236436989E+00   1.4052099012573174E-01
         3          8   9.0558108695440576E-01   1.0434576133482687E+00   9.7344595565846714E-01   2.1467359595596414E-02
         3          9   1.8324353361447920E-08   1.1579553498714250E-07   6.1733902467827775E-08   2.1221569075842713E-08
         3         10   2.3863313638329823E-17   6.7248809548262723E-16   2.3330630768668819E-16   1.4040497148770151E-16
         3         11   7.0702956142333603E-33   2.1645422628500155E-30   4.2823679041167466E-31   4.1429728964891592E-31
         3         12   3.1860428490107566E+01   6.2075587452417416E+01   4.7245436970290456E+01   4.2523059818524755E+00
         3         13   1.0125136229339184E+01   2.2613984772608628E+01   1.7715769215944341E+01   1.8465152180612303E+00
         3         14   1.6145373672102583E+01   4.1972555348598718E+01   3.0551979530519869E+01   4.0404172223053978E+00
         3         15   1.5059520764206081E+01   4.7501507300349907E+01   3.0382583566035795E+01   4.9204892329202368E+00
         3         16   7.2245542209450697E+00   1.2758064093482503E+01   9.2952769902850854E+00   7.7771813638341036E-01
         3         17   7.4755416649365529E+01   1.5197378202901118E+02   1.2312642712483746E+02   8.9160594354839517E+00
         3         18   1.1465872016043884E+01   1.8810851153326897E+01   1.4593782573023747E+01   1.0759870670354068E+00
         3         19   1.6206829554236570E+01   4.8373133961619189E+01   3.8429722277314028E+01   3.0753582238509467E+00
         3         20   3.2783188848766059E+01   8.4635036058065765E+01   6.8299443507227238E+01   5.8129359633880897E+00
         3         21   1.9105210365586101E+00   2.0853923482548251E+00   1.9770206312933383E+00   2.1572043397750588E-02
         3         22   4.2832828350406068E+01   9.5797777814936339E+01   7.6135864588661718E+01   7.3462020817916738E+00
         3         23   3.1504678422130354E+01   8.2711661748970826E+01   6.0795493793996698E+01   8.6122978599616165E+00
         3         24   3.9015574263007187E+00   6.2292783640580094E+00   4.8003355567117021E+00   4.1713781211373890E-01
         3         25   4.3939043692134936E+00   6.0340730340143223E+00   4.9639072774940765E+00   2.7821870436038787E-01
         3         26   4.7801766647015871E+00   5.6354527684574895E+00   5.2215465137586436E+00   1.2375420865206779E-01
         3         27   4.2686777543465226E-01   5.4064929683269236E-01   4.9669483138887421E-01   2.2207037991756946E-02
         3         28   3.8072168436400196E+00   5.7898880044892111E+00   4.2892356698296812E+00   3.1152716252355356E-01
         3         29   6.5945704321887955E-01   1.0501375233660133E+00   8.0833775302329969E-01   6.5382650431806383E-02
         3         30   1.2678449629629519E+01   1.6409028896349177E+01   1.3777783633729671E+01   5.7215153769480542E-01
         3         31   1.4077369246828111E-01   2.8825347112469313E-01   1.9632898662043569E-01   2.3880360213478051E-02
         3         32   9.2547117957315823E+00   1.1961976893039058E+01   1.0179774368974893E+01   4.4134871791598068E-01
         3         33   1.1262375608299784E-02   8.2094765748417356E-02   2.5457931775574837E-02   8.6447428854246316E-03
         3         34   5.1721254615580117E+00   7.3065110367296819E+00   5.9464368264499052E+00   3.8169663702077383E-01
         3         35   1.2387206793099901E+01   1.5802558889970976E+01   1.3263601682561410E+01   5.2098798418395176E-01
         3         36   1.7913393327299436E+00   2.3118912381198089E+00   1.9273100876812581E+00   7.6825756414634808E-02
         3         37   5.2897013806671342E+00   6.3108552271311167E+00   5.6237333869064434E+00   1.5515722005911475E-01
         3         38   6.9450300893492897E-02   1.2160882774352513E-01   9.1129894811267306E-02   8.2938662148831534E-03
         3         39   2.1728617981792291E+00   2.8703436208244995E+00   2.4138954719364216E+00   1.2827244382201464E-01
         3         40   9.3277750447207686E-01   1.1020331106853503E+00   9.7855509548456976E-01   2.3878236890732221E-02
         3         41   3.2847865373424807E+00   3.7968694553993871E+00   3.4636527944464346E+00   7.2036945980181288E-02
         3         42   1.9086958356978539E-01   2.5063915100667905E-01   2.2168926592580798E-01   8.9393876223484853E-03
         3         43   1.7299880184923382E+00   2.0242251229346055E+00   1.8461915742149575E+00   4.7380241226529875E-02
         3         44   1.7574277097859780E-03   7.3184041873133199E-03   3.2624847115262081E-03   7.3147182302273940E-04
         3         45   3.4516447470713291E-01   4.0796579796946481E-01   3.7154170719197283E-01   8.5473985813758636E-03
         3         46   8.1400470131538866E-02   1.0543198864364554E-01   9.2613201668696771E-02   3.7180063852891884E-03
         3         47   6.6849891881075862E-01   7.7184459717586529E-01   7.1963184868891195E-01   1.4277063605052581E-02
         3         48   1.4789476935813634E-02   2.4754452729134541E-02   1.9685992728102956E-02   1.6175177222901582E-03
         3         49   5.9167890001087181E-04   1.6856609571296744E-03   1.0320912636415799E-03   1.6740605129261579E-04
         3         50   2.8133335313445784E-01   3.5123751924113084E-01   3.0424045433034613E-01   1.0181471586517379E-02
         3         51   1.5482585917106226E-01   1.8931729729361071E-01   1.7346555795042271E-01   4.6950408223081228E-03
         3         52   1.3903609790412601E-04   3.9735734123211503E-04   2.4333550408470170E-04   4.1948243631188390E-05
         3         53   4.1491321856074785E-02   5.0879502044090613E-02   4.5486795837719418E-02   1.1542013106047549E-03
         3         54   9.0835930469343341E-03   1.3935471202852878E-02   1.1637016884893114E-02   7.2610290717772992E-04
         3         55   5.0406103745671599E-04   9.6262533128262746E-04   7.1909199824396193E-04   7.3482159423429345E-05
         3         56   3.7993235201309685E-03   4.9547680344719305E-03   4.4261677703196179E-03   1.6948647964444663E-04
         3         57   1.7736276675343641E-05   5.3297700167272734E-05   3.2050201865293612E-05   6.0712789602433878E-06
         3         58   2.1625508346658677E-03   2.7350428906017152E-03   2.4794271996570164E-03   8.3197006794229685E-05
         3         59   2.3234591523774528E-04   4.2167219170737876E-04   3.3207824967080066E-04   2.9748160612245302E-05
         3         60   6.0374383041082253E-05   9.1567901708745539E-05   7.6619916297183656E-05   4.6108611025495515E-06
         3         61   3.6823583409987725E-08   6.7507757077556762E-08   5.2149076422821057E-08   4.8082063110000218E-09
         3         62   2.0412087810655809E-08   3.6763385930459224E-08   2.8574791464255270E-08   2.5644601178157016E-09
         3         63   1.7475711678954241E-11   9.6651002605579256E-11   5.0433044099916219E-11   1.3173510325399697E-11
         3         64   9.4037603599169655E-13   2.6868801239344165E-12   1.7635808320207557E-12   2.7238165021717519E-13
         3         65   3.2835111447444812E-12   1.6899887479767599E-11   8.5103690241607046E-12   2.1545194971454006E-12
         3         66   4.0157544925389459E-13   1.0058103518035667E-12   6.7629290383987832E-13   9.5097869449101447E-14
         3         67   2.9941127272382681E-15   2.6185255750547814E-14   1.1180240698920826E-14   3.4683328777985231E-15
         3         68   1.0597027535027836E-18   1.9996316678780272E-17   6.7936772699407646E-18   3.0424559780099643E-18
         3         69   2.1442848759265188E-20   9.0988830580768921E-20   4.8803471138012850E-20   1.0735607969073964E-20
         3         70   1.7272398907752264E-24   5.3265505156967903E-23   1.5415439321885055E-23   8.2877302998901812E-24
         3         71   7.8682897031687630E-24   2.1109055698283307E-22   5.9855797803625703E-23   2.7975506339284429E-23
         3         72   3.6742720842679704E-25   9.2576218692067970E-24   2.6256265067881131E-24   1.2536473219588714E-24
         3         73   1.1503586273510202E-30   1.3612679485077275E-28   2.3547678481960245E-29   1.9427265767693168E-29
         3         74   3.4093621545098671E+02   1.4758527377133059E+03   8.8050878464377479E+02   1.5457857154300751E+02
         3         75   1.2230145160270761E+03   3.9584268704463771E+03   2.5273132309609941E+03   3.8960429161617748E+02
         3         76   7.1966038354722798E+01   2.8283096555653390E+02   1.6818965563447776E+02   2.7857398968112307E+01
         3         77   2.3618767981729121E+01   1.1850464421248047E+02   6.9746680401883310E+01   1.3586343992736289E+01
         3         78   6.1289407671426636E+02   1.5024946193897420E+03   1.0353665269552362E+03   1.2325716879409558E+02
         3         79   6.7575858581960988E+00   6.4935322680990154E+01   3.0652449252822336E+01   9.4689685228584128E+00
         3         80   4.0842045205055342E+02   8.9505277805613105E+02   6.4970535870810556E+02   6.3853802160384568E+01
         3         81   1.5761690498929264E+02   6.4664340173654602E+02   3.7074406812681246E+02   6.8278074059968930E+01
         3         82   3.0455985598451822E+01   1.2029506224587882E+02   7.2175629823312462E+01   1.2055037211312570E+01
         3         83   4.1175404583760394E+02   1.0716814223008867E+03   6.9572286035853756E+02   9.5373631852109739E+01
         3         84   3.0851967377910353E+02   7.0586413810414888E+02   4.8571566583335112E+02   5.6751526467283369E+01
         3         85   2.0752389923920512E+02   4.2453860005535796E+02   3.1351887098532410E+02   2.9620741084089893E+01
         3         86   8.4661665365536550E+01   3.2452154754584666E+02   1.8140586749933840E+02   3.4236741528296250E+01
         3         87   3.1957334473737194E+02   9.5571903550821810E+02   5.7354320202684244E+02   9.1494426370010189E+01
         3         88   4.6164361065009807E+00   2.4167884109404064E+01   1.4652239674363901E+01   3.2506217507533930E+00
         3         89   1.3011163908708641E+00   1.5573967754419703E+01   6.2334367379833360E+00   2.4297805255609872E+00
         3         90   1.1895959950478154E+02   2.3018693750827032E+02   1.7247045470268034E+02   1.5716112431784454E+01
         3         91   6.0085487642156048E+00   2.1587514733826275E+01   1.3803191723488089E+01   2.3083250904344905E+00
         3         92   1.0966338932516571E+02   2.4982318196629464E+02   1.6008499140998322E+02   2.0183255024693732E+01
         3         93   8.4775051679486339E+01   1.6931022410029109E+02   1.1712789163546789E+02   1.2299971786083413E+01
         3         94   5.1048972242343305E-01   6.7721720508625651E+00   2.2528896305937272E+00   9.9137795613413182E-01
         3         95   1.2712074768590858E+01   3.7418246019048993E+01   2.1446629640457321E+01   3.7091619346706981E+00
         3         96   5.9908005686805744E+01   1.3302221101915600E+02   8.2681294233590393E+01   1.0782151313687375E+01
         3         97   2.1055956084288963E+00   6.2814712735533726E+00   4.2122793602603297E+00   6.5309601032921660E-01
         3         98   6.3899525363462384E-01   2.8012156641429531E+00   1.5752610914239304E+00   3.7143760946779031E-01
         3         99   1.7067467858960314E-01   2.0477873670088300E+00   5.7676798715079769E-01   2.7584429390336052E-01
         3        100   2.1868740814412405E+01   3.6246707845437392E+01   2.8203833774052580E+01   2.2160881784630782E+00
         3        101   4.3342030481228724E+00   9.0573357445429767E+00   5.7435314634225954E+00   7.1297647454160673E-01
         3        102   7.7078784467762351E-01   1.5566172790928139E+00   1.1325276636743555E+00   1.3230866491324039E-01
         3        103   1.5200744274065135E+01   2.3164816916628119E+01   1.7666282807701190E+01   1.2331159513954870E+00
         3        104   2.1341290359216292E-01   5.7808089171580135E-01   3.5887944079142020E-01   6.7021697923994081E-02
         3        105   1.1287822701809386E+01   1.6703006493981675E+01   1.3265376162220775E+01   8.3882443605127055E-01
         3        106   3.4647115711933095E-02   3.5917310116893514E-01   9.9500617093753074E-02   4.5087358173998587E-02
         3        107   6.8263819283973755E+00   1.0356332846023971E+01   8.3318163277985882E+00   5.8889460430838736E-01
         3        108   1.3475985011432330E+00   1.8827956985291063E+00   1.4865042768933436E+00   8.2497316501331255E-02
         3        109   5.5723840702121041E+00   7.1912445350725944E+00   6.0141565344803531E+00   2.4779032347551519E-01
         3        110   2.6582219800133278E-01   3.8311384507940427E-01   3.1495684631845139E-01   1.9156121659202892E-02
         3        111   4.0380248124285174E+00   5.0832088070149517E+00   4.3786764100075697E+00   1.6012796942409893E-01
         3        112   5.9290574850105471E-02   1.0818286190040302E-01   7.8611147318282004E-02   8.2288275168781941E-03
         3        113   2.9797398821983352E+00   3.7780814359222377E+00   3.2765168807115899E+00   1.2971364545163877E-01
         3        114   4.9041756267924419E-03   3.3046384005593309E-02   1.1476289091970255E-02   3.9451082447969138E-03
         3        115   1.7017184620953933E+00   2.3731440529074872E+00   1.9509619302943799E+00   1.1731282294618284E-01
         3        116   3.0616680084538722E-01   3.6058763447470121E-01   3.2598864964574081E-01   7.3372860015569873E-03
         3        117   9.2241250460305269E-01   1.0652546954690671E+00   9.8156720366490424E-01   1.9273119595398555E-02
         3        118   6.9615098771577885E-02   9.0091672006282375E-02   7.9515900046553761E-02   3.0239778714623972E-03
         3        119   6.4188099843223423E-01   7.4378532337951675E-01   6.8863763293293057E-01   1.4581778371007907E-02
         3        120   1.3319659203945093E-02   2.1613110659176381E-02   1.7257644525604892E-02   1.3395305237145297E-03
         3        121   6.1199875316183888E-04   2.2875533024726614E-03   1.1113099276386072E-03   2.0915991992212209E-04
         3        122   2.7111874505539280E-01   3.4610649907741781E-01   2.9504944770921959E-01   1.2474688580038964E-02
         3        123   3.7100489181419810E-02   4.9901448642978102E-02   4.3581561148844997E-02   1.9009861863977528E-03
         3        124   4.1008972527316140E-02   4.9874928764150311E-02   4.5788517570409699E-02   1.2286518920688028E-03
         3        125   3.0570265611688557E-02   3.6590185476533407E-02   3.3790064695630888E-02   8.6456900957896418E-04
         3        126   1.7333898536698315E-02   2.1448078377141782E-02   1.9089746226874139E-02   5.1041256720960992E-04
         3        127   5.5215599048807076E-06   1.2266527338334328E-05   8.7923782225818598E-06   1.0484703179652260E-06
         3        128   3.9767323009554414E-08   1.4353405268997898E-07   8.1692585353647431E-08   1.6858066687303146E-08
